time [MJD]                x [AU]                    y [AU]                    z [AU]                   
47854.0000512037          0.466199673737645         0.870320305546611         -3.13873834616585e-06    
47854.5259771296          0.458010653603573         0.874531756346417         7.2746144520897e-05      
47855.0519030556          0.449803879139582         0.878685792824801         -8.65133082724381e-06    
47855.5778289815          0.441655988119257         0.882704256253459         2.07809737815947e-05     
47856.1037549074          0.433322724756508         0.886706684389191         6.49035263621141e-05     
47856.6296808333          0.425043976720659         0.890617614195872         -2.07810140759995e-05    
47857.1556067593          0.416759058601817         0.894414954983239         4.56707550685959e-05     
47857.6815326852          0.40830688116611          0.898197712292141         4.60164329226912e-05     
47858.2074586111          0.399958646716089         0.901862291588274         -2.07733290204088e-05    
47858.733384537           0.391529417850345         0.905441598440133         6.4841006028887e-05      
47859.259310463           0.38298703701139          0.908992971223954         2.11627633275477e-05     
47859.7852363889          0.374561557221856         0.912412266043902         -8.49097847122e-06       
47860.3111623148          0.365991179982208         0.915773086495156         7.30168639436423e-05     
47860.8370882407          0.357384704963793         0.919082577866834         -2.89172175242003e-06    
47861.3630141667          0.34886755195222          0.922260425099007         1.28098290474517e-05     
47861.8889400926          0.340170999909475         0.925398594445047         6.77865093139432e-05     
47862.4148660185          0.331518365583906         0.92845873080737          -1.95458783952739e-05    
47862.9407919444          0.322894125606919         0.93139973627742          3.72494099643857e-05     
47863.4667178704          0.314096326143197         0.934308270052406         5.03790780407246e-05     
47863.9926437963          0.305403950250304         0.937115431655138         -2.426763413206e-05      
47864.5185697222          0.296662333912484         0.939823116496833         5.79867687745757e-05     
47865.0444956482          0.287793421934117         0.942493828745791         2.53947001987681e-05     
47865.5704215741          0.279055963805246         0.945048003232914         -1.57723228005045e-05    
47866.0963475             0.270196754871032         0.9475236122181           6.90498552938162e-05     
47866.6222734259          0.261285675512723         0.949948858962274         -3.08474620374738e-07    
47867.1481993519          0.252489108385924         0.952252569899016         3.57006143864118e-06     
47867.6741252778          0.24352444091249          0.954494745169765         6.71278909562364e-05     
47868.2000512037          0.23459258608471          0.956668806996469         -1.95926213937984e-05    
47868.7259771296          0.225719855959692         0.958725601168497         2.83383314421727e-05     
47869.2519030556          0.216673036305821         0.960730884371277         5.2542321380581e-05      
47869.7778289815          0.207729882571808         0.96265058184051          -2.70227098651407e-05    
47870.3037549074          0.198767546086072         0.964463614360399         5.14886986224335e-05     
47870.8296808333          0.18966868923475          0.966227374748438         2.92863984895668e-05     
47871.3556067593          0.180710663854474         0.967891874083301         -2.04518819431847e-05    
47871.8815326852          0.171654741759964         0.969462921306577         6.6356967166039e-05      
47872.4074586111          0.162534144939366         0.9709803951535           3.97701644028055e-06     
47872.933384537           0.153547366981132         0.97239040927017          -1.6394475949542e-06     
47873.459310463           0.144406592027344         0.97371953544281          6.86202285626648e-05     
47873.9852363889          0.135287936974033         0.974986609759917         -1.60590312022473e-05    
47874.5111623148          0.126253972680511         0.976143421748942         2.41630132123559e-05     
47875.0370882407          0.117049577929934         0.977229254144885         5.75701318423696e-05     
47875.5630141667          0.107944907014634         0.978242822579223         -2.4948205282519e-05     
47876.0889400926          0.0988480020573202        0.97914756395062          4.96393114679866e-05     
47876.6148660185          0.0896098035158061        0.979987939751531         3.64047735213009e-05     
47877.1407919444          0.0805178658394365        0.980745843622006         -1.99688527593637e-05    
47877.6667178704          0.0713514550321944        0.981399225422356         6.74766409112131e-05     
47878.1926437963          0.0621112722441653        0.981991824874464         1.13608526077042e-05     
47878.7185697222          0.0530196447987382        0.982492559881446         -2.31838427611581e-06    
47879.2444956482          0.043790354459324         0.982895050991625         7.25255902015788e-05     
47879.7704215741          0.0345746705676689        0.983237700613451         -1.00525109852352e-05    
47880.2963475             0.0254651824215575        0.983480160711142         2.31118450916305e-05     
47880.8222734259          0.0161931461445721        0.983632320264311         6.33229665316367e-05     
47881.3481993519          0.00701717790105502       0.983722928582526         -2.13758192772742e-05    
47881.8741252778          -0.00212680006194354      0.983706401928502         4.90163358365508e-05     
47882.4000512037          -0.0114116283741952       0.983609114683918         4.25927716979949e-05     
47882.9259771296          -0.0205464346635805       0.983445402855591         -1.91270538935454e-05    
47883.4519030556          -0.0297330479919585       0.983169878088426         6.77765915850913e-05     
47883.9778289815          -0.0389975416862258       0.982824257800754         1.65100061547718e-05     
47884.5037549074          -0.0481018968071467       0.982403571192564         -3.76234392139802e-06    
47885.0296808333          -0.0573263412117059       0.981870219221289         7.37312112329824e-05     
47885.5556067593          -0.0665417555331861       0.981277162053913         -7.23191714682305e-06    
47886.0815326852          -0.0756335340241944       0.98059664343283          2.01947076945045e-05     
47886.6074586111          -0.0848766873391309       0.979808230690092         6.48515936830811e-05     
47887.133384537           -0.0940255422694066       0.978967597562923         -2.13644060498338e-05    
47887.659310463           -0.10312204159113         0.978024944556902         4.54993107579175e-05     
47888.1852363889          -0.112354160525477        0.976985719408365         4.36008402434449e-05     
47888.7111623148          -0.121433064848808        0.975895834301818         -2.17916740188932e-05    
47889.2370882407          -0.130543697277217        0.974690327711201         6.42919779165236e-05     
47889.7630141667          -0.139730996485736        0.973405280886459         1.6215775319932e-05      
47890.2889400926          -0.148749563988347        0.972062841378459         -8.48697373279151e-06    
47890.8148660185          -0.157870719302439        0.970596397000355         7.0533528353335e-05      
47891.3407919445          -0.166983559528942        0.969069952348186         -9.17037376134211e-06    
47891.8667178704          -0.175959374963119        0.967470715886868         1.44107400797718e-05     
47892.3926322338          -0.185073093542344        0.965748430499096         6.19485198252241e-05     
47892.9185581597          -0.194092533381942        0.963983045992244         -2.49683951309052e-05    
47893.4444840857          -0.20304328129985         0.962123347872624         3.96822022187758e-05     
47893.9704100116          -0.212120957831362        0.960152970982483         4.08292134210798e-05     
47894.4963359375          -0.221042812636876        0.95814801812149          -2.65168137169513e-05    
47895.0222618634          -0.229979218338931        0.956026464676073         5.92403968568566e-05     
47895.5481877894          -0.238987390593522        0.953817068988478         1.34576250803781e-05     
47896.0741137153          -0.247820946388108        0.95156881777273          -1.34562679939673e-05    
47896.6000396412          -0.256740985932131        0.949187904831553         6.67268721211807e-05     
47897.1259655671          -0.265650221262505        0.946747515078041         -1.18377607349214e-05    
47897.6518915394          -0.274413288333823        0.944250210840637         1.01234891672236e-05     
47898.1778174653          -0.283300803647504        0.941616946323332         5.95352711427174e-05     
47898.7037433912          -0.292092545078886        0.938950246417489         -2.72442565075884e-05    
47899.2296693171          -0.300803861042905        0.936198270788279         3.68034970864965e-05     
47899.7555952431          -0.309631452605009        0.933323389790217         3.97281329687834e-05     
47900.281521169           -0.318301641030708        0.930430179348716         -2.79738517286932e-05    
47900.8074470949          -0.326973005670469        0.927420663842277         5.80836576301826e-05     
47901.3333730208          -0.335708633913546        0.92431637543887          1.34626492675394e-05     
47901.8592989468          -0.344266743026878        0.921191538226269         -1.37159216930833e-05    
47902.3852248727          -0.352897334670586        0.917926572970585         6.71262365387386e-05     
47902.9111507986          -0.361512390727718        0.914603432179067         -1.09069816553032e-05    
47903.4370767245          -0.369976310407572        0.911238646690768         1.11794276251148e-05     
47903.9630026505          -0.378550944612181        0.907726222553442         6.09865965012371e-05     
47904.4889285764          -0.38702725268849         0.904190123804512         -2.55475558109721e-05    
47905.0148545023          -0.395415568543888        0.900577036615464         3.89052473082159e-05     
47905.5407804283          -0.403907592806007        0.896830087957064         4.16066164594511e-05     
47906.0667063542          -0.412240939894755        0.893080522954943         -2.56682590002155e-05    
47906.5926322801          -0.420565104403918        0.889214423780375         6.06141730278296e-05     
47907.118558206           -0.428943003104455        0.885248000276972         1.52483522335706e-05     
47907.644484132           -0.437142263017504        0.881278260852156         -1.10330590685698e-05    
47908.1704100579          -0.445401105838701        0.877161064455891         6.92938725734869e-05     
47908.6963359838          -0.453636667183165        0.872988358318921         -9.4872217213248e-06     
47909.2222619097          -0.461718807513797        0.868787914718126         1.38496672861549e-05     
47909.7481878357          -0.469897026046017        0.86442928828648          6.20719273481125e-05     
47910.2741137616          -0.47797234236721         0.860057816806688         -2.45320741490517e-05    
47910.8000396875          -0.485954908862623        0.855616366232488         4.09716843630064e-05     
47911.3259656134          -0.494026167012839        0.851032311040021         4.1191297439654e-05      
47911.8518915394          -0.501937076925499        0.846461743167761         -2.49745189154127e-05    
47912.3778174653          -0.50983057093647         0.841773729969123         6.13595125807575e-05     
47912.9037433912          -0.517764127973261        0.836982826799814         1.33474962853709e-05     
47913.4296693171          -0.52551921994171         0.832205306251972         -1.06594301836606e-05    
47913.9555952431          -0.533321795302023        0.827273442274197         6.80617134478128e-05     
47914.481521169           -0.541090547628165        0.822291814496342         -1.24708439739319e-05    
47915.0074470949          -0.54870608075584         0.817295028092461         1.36488104324254e-05     
47915.5333730208          -0.55640229896605         0.812131421397259         5.85302273079377e-05     
47916.0592989468          -0.563989476431406        0.806968160810124         -2.79421428241067e-05    
47916.5852248727          -0.571481901907345        0.801740373933371         3.96769169465363e-05     
47917.1111507986          -0.579046027055199        0.796364555147071         3.5535439688029e-05      
47917.6370767245          -0.586448262390697        0.791019342480036         -2.82071944698272e-05    
47918.1630026505          -0.593826910696861        0.785554836825907         5.83658943532e-05        
47918.6889285764          -0.601229596534506        0.779989066834124         6.36998408054032e-06     
47919.2148545023          -0.608455671762739        0.774452861590503         -1.33975361189183e-05    
47919.7407804282          -0.61571789878156         0.768755952374886         6.29932700056758e-05     
47920.2667063542          -0.622934064284317        0.76301915214755          -1.95429322966158e-05    
47920.7926322801          -0.629999754521242        0.757278119248348         1.13113348872792e-05     
47921.318558206           -0.637130287784452        0.751364051720866         5.15549136411356e-05     
47921.844484132           -0.64414530260538         0.745466582184918         -3.3818374492285e-05     
47922.3704100579          -0.65106619562119         0.739508054490304         3.72746363239474e-05     
47922.8963359838          -0.658040686701985        0.73340022586965          2.74943868910915e-05     
47923.4222619097          -0.664853020324848        0.727341265402334         -3.18816338135617e-05    
47923.9481878357          -0.671637590225404        0.721159957506879         5.52996899756823e-05     
47924.4741137616          -0.678429293288305        0.714883959202001         -1.34394407955881e-06    
47925.0000396875          -0.685048759800504        0.708652726874258         -1.45257110143972e-05    
47925.5259656134          -0.691694120322523        0.702254857052504         5.89073762086985e-05     
47926.0518915394          -0.698281208778441        0.695831384900644         -2.53388859973725e-05    
47926.5778174653          -0.704723632936152        0.689411942694568         1.22520895727771e-05     
47927.1037433912          -0.711215280187508        0.682815678106583         4.65879467199761e-05     
47927.6296693171          -0.717586261453222        0.676254759042288         -3.6399739094398e-05     
47928.1555952431          -0.723866412759416        0.669633068106678         3.91460257773953e-05     
47928.681521169           -0.730181963262939        0.662864765228177         2.23932897555413e-05     
47929.2074470949          -0.736337464135892        0.656163388191544         -3.07422565958059e-05    
47929.7333730208          -0.742462622584817        0.649334280714129         5.67130200914363e-05     
47930.2592989468          -0.74857822049725         0.642421431280395         -5.36708455154262e-06    
47930.7852248727          -0.754528652176244        0.635565735599725         -1.0192250530393e-05     
47931.3111507986          -0.760495130080607        0.628537099264716         5.8805194294558e-05      
47931.8370767245          -0.766392033325952        0.621500552866547         -2.70823656516341e-05    
47932.3630026505          -0.772152239251445        0.6144718791948           1.82533981299099e-05     
47932.8889286227          -0.777945654594438        0.607264628616787         4.46281153864159e-05     
47933.4148545486          -0.783614841617795        0.600112662856177         -3.50889294998817e-05    
47933.9407804745          -0.789197483911171        0.592895849721439         4.46901459404686e-05     
47934.4667064005          -0.794796827094893        0.585539031354053         1.91084128657788e-05     
47934.9926323264          -0.80024004316593         0.578265702300355         -2.64599046679719e-05    
47935.5185582523          -0.80565010193364         0.570856613328215         5.98014716072076e-05     
47936.0444841782          -0.811033884247634        0.56337929466627          -8.78162209707823e-06    
47936.5704101042          -0.816261055424931        0.555967715645188         -4.0679189665915e-06     
47937.0963360301          -0.821493285562503        0.54837722023506          5.81918797796171e-05     
47937.622261956           -0.826645505403536        0.540799976046599         -2.92072553312196e-05    
47938.1481878819          -0.831669558736249        0.533229747591379         2.42357634158128e-05     
47938.6741138079          -0.836709590155915        0.52548254199263          4.02886555732276e-05     
47939.2000397338          -0.841623405677566        0.517811643564458         -3.4992531440696e-05     
47939.7259656829          -0.846454396843774        0.51006800125912          4.82515326289871e-05     
47940.2518916088          -0.851282954789157        0.502196301099393         1.22123956912389e-05     
47940.7778175347          -0.855960981051414        0.494422863985241         -2.41396845645304e-05    
47941.3037434607          -0.860601636332307        0.486504319173982         5.91331303922939e-05     
47941.8296693866          -0.865200126807044        0.478538578414121         -1.62686223394988e-05    
47942.3555953125          -0.869651585346836        0.470643118914196         -6.44182453478171e-07    
47942.8815212384          -0.874095645879493        0.462564780306626         5.25818048227803e-05     
47943.4074473611          -0.878451169215916        0.454524621207569         -3.52354729525549e-05    
47943.933373287           -0.882686994742331        0.446485861580689         2.6765616066534e-05      
47944.459299213           -0.886920864964754        0.438276804781069         3.04674569690183e-05     
47944.9852251389          -0.891028843443444        0.430165726134992         -3.8178406477744e-05     
47945.5111510648          -0.895056637267554        0.42197060600875          4.76951084815285e-05     
47946.0370769907          -0.899063474529849        0.413666078973124         3.00569508821647e-07     
47946.5630029167          -0.902927306387933        0.40547183694676          -2.43562192997737e-05    
47947.0889288426          -0.90674796153861         0.397122994488278         5.40299011421915e-05     
47947.6148547685          -0.910512686794857        0.388753970720672         -2.73983963408197e-05    
47948.1407806945          -0.914140755251233        0.380454920919246         8.78526378231896e-07     
47948.6667066204          -0.917747850475689        0.371972727671334         4.29444518622015e-05     
47949.1926325463          -0.921261082438436        0.363556826828221         -4.29433633371867e-05    
47949.7185585185          -0.924662484297501        0.355132003379619         2.79178960813205e-05     
47950.2444844444          -0.928044401969997        0.346550111113025         1.79664364968521e-05     
47950.7704103704          -0.931304104712077        0.338087139019571         -4.09372963328455e-05    
47951.2963362963          -0.934484719670085        0.329526539955554         4.63822015547335e-05     
47951.8222622222          -0.937628376884829        0.320882331365019         -1.21290239903392e-05    
47952.3481881482          -0.940638909364984        0.312356227296869         -2.23220724474497e-05    
47952.8741140741          -0.943599108347795        0.303667451567836         4.90528846694591e-05     
47953.40004               -0.946493874435076        0.294990642906218         -3.64879633569105e-05    
47953.9259659259          -0.949263026755863        0.286377530340736         5.85354967391186e-06     
47954.4518918519          -0.951997677734259        0.277585989240146         3.46171597330316e-05     
47954.9778177778          -0.954637956590261        0.268889902391587         -4.62277063426936e-05    
47955.5037437037          -0.957173293540024        0.260169374258024         3.29228674186542e-05     
47956.0296696296          -0.959673743447446        0.251311846275239         8.19180490290364e-06     
47956.5555955556          -0.96205951276319         0.242590552057744         -3.77627889346434e-05    
47957.0815214815          -0.964365445058368        0.233756006691066         4.86124919499933e-05     
47957.6074474074          -0.966622498670338        0.224869602424897         -2.04395440516884e-05    
47958.1333733333          -0.968757934813833        0.216102193987357         -1.41814784207824e-05    
47958.6592993056          -0.970834443767894        0.207166211787288         4.69387712259718e-05     
47959.1852252315          -0.972841050959086        0.198276887022452         -4.05126571614594e-05    
47959.7111511574          -0.974732028053991        0.189437526930617         1.57324033597972e-05     
47960.2370770833          -0.976575217427387        0.180430074463058         2.84323040137381e-05     
47960.7630030093          -0.978327916222828        0.171545087965523         -4.43604936624695e-05    
47961.2889289352          -0.979979503261802        0.16261520798232          4.0671367896442e-05      
47961.8148548611          -0.981583342951634        0.153575160513031         3.58018751774058e-08     
47962.340780787           -0.983082209448311        0.144682366050932         -3.04083570685091e-05    
47962.866706713           -0.984497055498429        0.135660390022047         5.11211999604371e-05     
47963.3926326389          -0.985855462163538        0.126623289183588         -2.74603324522935e-05    
47963.918558588           -0.987102927211234        0.117697889271024         -3.84740885106446e-06    
47964.4444845139          -0.988280933621504        0.108602585936877         4.29943342900489e-05     
47964.9704104398          -0.989389294031673        0.0995894521856266        -4.35476732892034e-05    
47965.4963363657          -0.990388580451269        0.0906057292046009        2.51369381102433e-05     
47966.0222622917          -0.991327599991111        0.0814718987251683        1.91895760270016e-05     
47966.5481882176          -0.992183312270819        0.0724834267340301        -4.21358524664223e-05    
47967.0741141435          -0.992937226477466        0.0634271055536697        4.52344668783127e-05     
47967.6000400695          -0.993634180792126        0.0542949110895409        -1.13891213320582e-05    
47968.1259659954          -0.994236358939947        0.0453133979377757        -2.38735867670272e-05    
47968.6518919213          -0.994746814433475        0.0361897969847595        4.83862369650952e-05     
47969.1778178472          -0.995198566663045        0.0270918265240534        -3.72040882968275e-05    
47969.7037437732          -0.99554742601918         0.0180902739266713        3.97368413132369e-06     
47970.2296696991          -0.995815595019913        0.00892503835880802       3.2915335876808e-05      
47970.755595625           -0.996019255848822        -0.000123796042828044     -4.85600440495646e-05    
47971.2815215509          -0.996115724021408        -0.00916878281123212      3.02482981123246e-05     
47971.8074475             -0.996142317919341        -0.0183366847047942       4.24893566629514e-06     
47972.3333734259          -0.996095153586755        -0.0273425695073441       -4.13634267083568e-05    
47972.8592993519          -0.995940935967656        -0.0364390392450666       4.41387675721972e-05     
47973.3852252778          -0.995726183839174        -0.0455696269884341       -2.69442785302834e-05    
47973.9111512037          -0.995425598942933        -0.0545551064749556       -1.87510614371951e-05    
47974.4370771296          -0.995023504401552        -0.0636896214756213       3.95320970588709e-05     
47974.9630030556          -0.994566694889247        -0.0727549979079326       -4.8757389564568e-05     
47975.4889289815          -0.994010751210925        -0.0817475097737781       9.91817018236115e-06     
47976.0148549074          -0.993364757417204        -0.0908873755652775       1.76165615679262e-05     
47976.5407808333          -0.992663747479434        -0.0998801478986102       -5.29825845893448e-05    
47977.0667067593          -0.99185220900592         -0.108898307470009        3.27831591458072e-05     
47977.5926326852          -0.99096686497058         -0.118001646579647        -1.34399040150392e-05    
47978.1185586111          -0.990018043128907        -0.126935129086294        -3.82897608379761e-05    
47978.644484537           -0.988953537312779        -0.135978594629452        4.0260893419986e-05      
47979.170410463           -0.987832586974792        -0.145008187811535        -4.16195031634723e-05    
47979.6963363889          -0.986631749578112        -0.15390845517866         -1.07895168626058e-05    
47980.2222623148          -0.985320286693719        -0.162955258846343        2.89041081923882e-05     
47980.7481882407          -0.983964977783344        -0.171890669917534        -5.58616302475118e-05    
47981.2741141667          -0.982509162132599        -0.180783450830261        1.82602714939918e-05     
47981.8000400926          -0.980959265538559        -0.189795882948355        2.88898768895566e-06     
47982.3259660185          -0.979367268480773        -0.198638975147279        -5.05976998357139e-05    
47982.8518919444          -0.977656911161421        -0.207536615740787        3.6905762219686e-05      
47983.3778178704          -0.975877296576999        -0.2164736220547          -2.74722027868427e-05    
47983.9037437963          -0.974043147256091        -0.225245054020372        -2.79757467213731e-05    
47984.4296697222          -0.972083560821227        -0.234138929243858        3.74227573819181e-05     
47984.9555956482          -0.970080091737012        -0.242969991863025        -4.98676697462876e-05    
47985.4815215509          -0.967997429085807        -0.251698189400198        2.88474987735653e-06     
47986.0074474769          -0.965798625592555        -0.260559509260797        1.94480793652488e-05     
47986.5333734028          -0.963571864368876        -0.269274369949367        -5.51319404395285e-05    
47987.0592993287          -0.961236837727611        -0.277981396335675        2.94333324145351e-05     
47987.5852252546          -0.958811209805258        -0.286770309518552        -9.73839908272681e-06    
47988.1111511806          -0.956355885693119        -0.295380443409652        -4.10120463993256e-05    
47988.6370771065          -0.953770298494494        -0.304070645913739        4.07911861994956e-05     
47989.1630030324          -0.951128665399181        -0.312750000910573        -3.81138873514791e-05    
47989.6889289583          -0.948435716752612        -0.321281330415242        -1.31343311072823e-05    
47990.2148548843          -0.945608373012147        -0.329937264992844        3.22013103988621e-05     
47990.7407808102          -0.942755916603055        -0.338485317516998        -5.38987353705026e-05    
47991.2667067361          -0.939816717918477        -0.34696510877107         1.70976333888783e-05     
47991.7926326389          -0.936761901502862        -0.355552277143562        7.05063799813163e-06     
47992.3185585648          -0.933695885234173        -0.363969068768625        -5.0573970522915e-05     
47992.8444844907          -0.93050709098675         -0.372412391667763        3.70655339975654e-05     
47993.3704104167          -0.927240249876407        -0.380891123922112        -2.4365782736079e-05     
47993.8963363426          -0.923950969728407        -0.389195789844536        -2.95421005697333e-05    
47994.4222622685          -0.920517825197047        -0.397597165737233        3.82222271564897e-05     
47994.9481881944          -0.917049990550127        -0.405936641797232        -4.90817446314242e-05    
47995.4741141204          -0.913525013866921        -0.414156932970171        3.36325753675721e-07     
47996.0000400463          -0.909861437553006        -0.422490374419969        1.96790355804211e-05     
47996.5259659722          -0.90619479117989         -0.430678908516583        -5.70115532758757e-05    
47997.0518918981          -0.902425097348577        -0.438837233713372        2.62572458110171e-05     
47997.5778178241          -0.898549884945723        -0.44706480295447         -1.12375302305426e-05    
47998.10374375            -0.894676742265704        -0.455111950150407        -4.5155733638782e-05     
47998.6296696759          -0.890662207966581        -0.463213875588319        3.6842187290591e-05      
47999.1555956019          -0.886592496465414        -0.471299223681364        -4.19224727140379e-05    
47999.6815215278          -0.882498591298666        -0.479229021857936        -1.88263862116019e-05    
48000.2074474537          -0.8782503342741          -0.487258861734229        2.70003034268466e-05     
48000.7333733796          -0.873994989298941        -0.495179945734737        -5.98079819837833e-05    
48001.2592993056          -0.869666197222856        -0.503018239581803        1.04297761942581e-05     
48001.7852252315          -0.865204297430954        -0.51094337253072         2.45961676900475e-07     
48002.3111511574          -0.860760301217163        -0.518698969872656        -5.77692493033221e-05    
48002.8370770833          -0.856190175649326        -0.526460157246403        2.96078776469257e-05     
48003.3630030093          -0.8515370979427          -0.534242522939033        -3.2558516800019e-05     
48003.8889289352          -0.846891025978831        -0.5418497555773          -3.70260427586673e-05    
48004.4148548611          -0.842085847595701        -0.549528613943146        2.99141475559743e-05     
48004.940780787           -0.837258107431871        -0.557138389187105        -5.76948719534717e-05    
48005.466706713           -0.832392544665993        -0.564622679219158        -6.76445889489263e-06    
48005.9926326389          -0.827371487018752        -0.572194367723781        1.06587902509023e-05     
48006.5185585648          -0.822373230155591        -0.579620059078536        -6.46813903824775e-05    
48007.0444844907          -0.817275790861873        -0.587001736746458        1.96669092352916e-05     
48007.5704104167          -0.812065235737178        -0.594430418500763        -2.02125163456829e-05    
48008.0963363426          -0.806887045634875        -0.601680747853223        -5.07203401627809e-05    
48008.6222622685          -0.801558026150847        -0.608964355809387        3.05099690359888e-05     
48009.1481881944          -0.796182112190395        -0.61621641881269         -4.94747721929024e-05    
48009.6741141204          -0.790805837546441        -0.623313703522117        -2.18800812552026e-05    
48010.2000400463          -0.785261015374595        -0.63048429625477         2.07815236402568e-05     
48010.7259659722          -0.779732404584481        -0.637540376141391        -6.44292115855515e-05    
48011.2518918982          -0.774140427598877        -0.644508410726727        9.31350855762589e-06     
48011.7778178241          -0.76840726009577         -0.651536170853901        -5.42256432196675e-06    
48012.30374375            -0.762722492281449        -0.658396722203117        -5.85340147389315e-05    
48012.8296696759          -0.756907644213159        -0.665248490173962        2.91821700379063e-05     
48013.3555956019          -0.751015790012033        -0.672099833953267        -3.65590577126136e-05    
48013.8815215625          -0.745157765496334        -0.678782041137941        -3.41806337790962e-05    
48014.4074474884          -0.739129401631527        -0.685512553104982        2.89745700452665e-05     
48014.9333734144          -0.733099515561936        -0.692162695369211        -5.87555131032242e-05    
48015.4592993403          -0.727046352280179        -0.698690495897275        -1.82525187346759e-06    
48015.9852252662          -0.720829547289358        -0.705277574956309        8.77222099376111e-06     
48016.5111511921          -0.714665436160652        -0.711718920307971        -6.20965650989357e-05    
48017.0370771181          -0.708402155422045        -0.718110630522703        2.43390509482578e-05     
48017.563003044           -0.702029557769759        -0.724523257554052        -2.24069106272374e-05    
48018.0889289699          -0.695717582847011        -0.730766011025009        -4.49700793782156e-05    
48018.6148548958          -0.689245410542239        -0.737024999837262        3.26968450421969e-05     
48019.1407808218          -0.682744953406006        -0.743235329421129        -5.06300134100167e-05    
48019.6667067477          -0.676261313029447        -0.749300469083778        -1.48229674157719e-05    
48020.1926326736          -0.669600328875841        -0.75541265908984         1.93603498338506e-05     
48020.7185586343          -0.662984326935324        -0.761406157852328        -6.33476514734972e-05    
48021.2444845602          -0.656307284461728        -0.767314260306145        1.49759593588728e-05     
48021.7704104861          -0.649490674544862        -0.773253218548434        -9.90124476213799e-06    
48022.296336412           -0.642751435605374        -0.779032549778894        -5.49787939785825e-05    
48022.8222623727          -0.635873520306803        -0.784793309150968        3.07243189415467e-05     
48023.3481882986          -0.628935160194029        -0.790530669484793        -4.21478323938301e-05    
48023.8741142593          -0.622049655446411        -0.796111859934429        -2.93858475640514e-05    
48024.4000401852          -0.614983995064897        -0.801718859819476        2.49539643906844e-05     
48024.9259661111          -0.607945022465348        -0.8072351292745          -6.31295974634918e-05    
48025.451892037           -0.60088674497152         -0.81263825937716         1.68639722151521e-06     
48025.977817963           -0.593664453905634        -0.818070942060373        -2.12936918886052e-07    
48026.5037438889          -0.586525103178045        -0.823361757438007        -6.37723948169725e-05    
48027.0296698148          -0.579278219599228        -0.828600453192026        2.37156307662145e-05     
48027.5555957639          -0.571937141976383        -0.833832257933944        -3.38142660431654e-05    
48028.0815216898          -0.564677960745599        -0.838907591113258        -4.41346280844918e-05    
48028.6074476157          -0.557247341140369        -0.84398195084039         2.61106065274088e-05     
48029.1333735417          -0.549817020085555        -0.848990674276952        -6.09919138477025e-05    
48029.6592994676          -0.542409190748351        -0.853867900964983        -1.34107176538947e-05    
48030.1852253935          -0.534821525651693        -0.858763732425021        7.17567703755147e-06     
48030.7111513194          -0.527311491575987        -0.863539208963946        -6.97660815010875e-05    
48031.2370772454          -0.519731981484163        -0.868233531596263        1.39524654542831e-05     
48031.7630031713          -0.512026931823084        -0.872927805114483        -2.48974196604987e-05    
48032.2889290972          -0.504423849022309        -0.87747378471472         -5.63934317177471e-05    
48032.8148550231          -0.496668880470751        -0.881990227060301        2.48589863875045e-05     
48033.3407809491          -0.48888345184296         -0.886460251844045        -5.5608170977088e-05     
48033.866706875           -0.481158960852762        -0.890790100788183        -2.71174645990215e-05    
48034.3926328009          -0.473249299900685        -0.895120566552574        1.38871057340296e-05     
48034.9185587732          -0.465402933691333        -0.899352406661521        -7.09321896373539e-05    
48035.4444847454          -0.457528950802978        -0.903481046070999        4.42516715938918e-06     
48035.9704106713          -0.449503939363165        -0.907607497032371        -1.40723460356493e-05    
48036.4963365972          -0.441591520281458        -0.911599834442037        -6.38203490808854e-05    
48037.0222625232          -0.433556154954363        -0.915535827735019        2.34190692561204e-05     
48037.5481884491          -0.425458499951682        -0.919437782925521        -4.59855744902116e-05    
48038.074114375           -0.417454770865405        -0.923199957882338        -3.73913902545195e-05    
48038.6000403009          -0.409271325201497        -0.9269412089735          2.09371664895539e-05     
48039.1259662269          -0.401129738069124        -0.930603743265556        -6.68159644545199e-05    
48039.6518921528          -0.393003287188054        -0.934149461810003        -3.71747666450316e-06    
48040.1778180787          -0.38470781007102         -0.937684079633316        -1.79269752711452e-06    
48040.7037440046          -0.376525937755854        -0.941102525547005        -6.65983276870622e-05    
48041.2296699306          -0.368256692743598        -0.944442476974644        2.15384372825219e-05     
48041.7555959028          -0.359894543009059        -0.947753952656222        -3.38530604597893e-05    
48042.2815218287          -0.351651491689688        -0.950933685030171        -4.50619380475893e-05    
48042.8074477546          -0.343243612643618        -0.95407038977743         2.65774031617204e-05     
48043.3333736806          -0.334850893130804        -0.95714442318626         -5.9820434609727e-05     
48043.8592996065          -0.326513410419738        -0.960096446968331        -1.19409810430574e-05    
48044.3852255324          -0.317997070563315        -0.963023411274084        9.17074903775428e-06     
48044.9111514583          -0.309586141203993        -0.965852931386311        -6.71704497204472e-05    
48045.4370773843          -0.301126970521167        -0.968587754187678        1.72627552795592e-05     
48045.9630033102          -0.292547607543263        -0.971292752861858        -2.22559920867492e-05    
48046.4889292361          -0.284103589765082        -0.973879144876595        -5.21703814211649e-05    
48047.014855162           -0.275517574997757        -0.976401805317181        2.86469214340196e-05     
48047.5407811806          -0.266917166979073        -0.978872301306916        -5.26054874060718e-05    
48048.0667071065          -0.258407308486224        -0.981222862909725        -2.17159470782991e-05    
48048.5926330324          -0.249717338480156        -0.983531142015541        1.67088939430167e-05     
48049.1185589583          -0.241116972409383        -0.985758978730475        -6.73831488965695e-05    
48049.6444848843          -0.232508693101739        -0.987882357484099        9.6192598747742e-06      
48050.1704108102          -0.223758214992113        -0.989968442536977        -1.29854757565065e-05    
48050.6963367708          -0.215150464130217        -0.991951760645964        -5.95839879891885e-05    
48051.2222626968          -0.206429832582871        -0.993853763129494        2.65000157083403e-05     
48051.7481886227          -0.197665020855298        -0.995707962069392        -4.63457151123081e-05    
48052.2741145486          -0.189019776915686        -0.997450133828756        -3.30067658828683e-05    
48052.8000404745          -0.180201545544112        -0.999131583979289        2.03980712440571e-05     
48053.3259664005          -0.171451662973517        -1.00074605512907         -6.75540249725907e-05    
48053.8518923264          -0.162733021031054        -1.00225277076928         -7.04591921786256e-07    
48054.3778182523          -0.153856902965598        -1.00370993464344         -6.14353817776303e-06    
48054.9037441782          -0.145122784098672        -1.00508067407415         -6.66717282907673e-05    
48055.4296701042          -0.136309152729064        -1.00635690908785         2.11872447802569e-05     
48055.9555960301          -0.127423699107736        -1.00758361432837         -4.06285286749484e-05    
48056.481521956           -0.118679779125762        -1.00871037191088         -4.43449141962198e-05    
48057.007447882           -0.109777579233695        -1.00975857618981         2.15111208978814e-05     
48057.5333738079          -0.100919320679908        -1.01074859242172         -6.66004909254345e-05    
48058.0592997801          -0.0921285567170456       -1.01163346815203         -1.16641232957003e-05    
48058.585225706           -0.0831724795346851       -1.01245334191855         -2.91356409502417e-07    
48059.111151632           -0.0743509327590218       -1.01320184284198         -7.16547362468601e-05    
48059.6370775579          -0.0654856715608234       -1.0138477307919          1.50238160975229e-05     
48060.1630034838          -0.0565249908837387       -1.01443700686383         -3.38320595434337e-05    
48060.6889294097          -0.047720800371065        -1.01494091678113         -5.33839990758525e-05    
48061.2148553357          -0.0387795384790484       -1.01535063973431         2.23124264861814e-05     
48061.7407812616          -0.0298569982213659       -1.01570594527781         -6.27042378545536e-05    
48062.2667071875          -0.021034154576093        -1.01596382336131         -2.06784053766094e-05    
48062.7926330787          -0.0120458213856115       -1.01613990246091         6.49366430304053e-06     
48063.3185590046          -0.00317965205931742      -1.01625724245711         -7.26154135100949e-05    
48063.8444849306          0.00569375550977336       -1.01626940302471         1.03302243916845e-05     
48064.3704108565          0.0146806316903576        -1.016213907509           -2.4552802945234e-05     
48064.8963367824          0.0235025366107905        -1.01608893152703         -5.8398732903072e-05     
48065.4222627083          0.0324352549275408        -1.01585792046808         2.43300115949212e-05     
48065.9481886343          0.041373332896684         -1.01557179268776         -5.51604433515747e-05    
48066.4741145602          0.0501844503605902        -1.01520047178445         -2.66672361614178e-05    
48067.0000404861          0.0591542230301865        -1.01473127864221         1.45763250913009e-05     
48067.525966412           0.0680176736470547        -1.01421325984055         -6.97064780629219e-05    
48068.051892338           0.0768531028982372        -1.01359334540168         7.13702420205912e-06     
48068.5778182639          0.0858143303536239        -1.01289250095382         -1.37295639623947e-05    
48069.1037441898          0.0946083440253074        -1.01213845906041         -6.04364174654243e-05    
48069.6296701157          0.10348403178922          -1.01127131872897         2.63864679076959e-05     
48070.1555960417          0.112387277647902         -1.01034460000061         -4.60017960300961e-05    
48070.6815219676          0.121142290758296         -1.00934831523413         -3.13942964907674e-05    
48071.2074478935          0.130043711699952         -1.00824002778112         2.17469290128781e-05     
48071.7333737847          0.138857207402469         -1.00708954246976         -6.55395104594913e-05    
48072.2592997107          0.147610562812131         -1.00584541824771         3.27428625705081e-06     
48072.7852256366          0.156496684872344         -1.00450579028782         -4.15531378645865e-06    
48073.3111515625          0.165218991230459         -1.00312811085331         -6.20597032711243e-05    
48073.8370774884          0.173993006991461         -1.00163483466335         2.6240207097652e-05      
48074.3630034144          0.182813855731342         -1.00007400387562         -3.79821034414151e-05    
48074.8889293403          0.191471433418485         -0.998460881513948        -3.68903112578747e-05    
48075.4148552662          0.200259037166083         -0.99672403432933         2.59408020727191e-05     
48075.9407811921          0.208977953937196         -0.9949478183532          -6.23103986497079e-05    
48076.4667071181          0.217608813459714         -0.99308996310253         -2.64133265487992e-06    
48076.992633044           0.226374080998605         -0.99112153702099         2.53162603378134e-06     
48077.5185589699          0.234983212881605         -0.989128007722639        -6.46495997467652e-05    
48078.0444848958          0.243614510324991         -0.987020593366749        2.3091557873122e-05      
48078.5704108218          0.252308214747874         -0.984834746396562        -3.21078350711059e-05    
48079.0963367477          0.260829244856321         -0.982614339715451        -4.37976242649791e-05    
48079.6222626736          0.269460652744309         -0.98026132699439         2.69399656863733e-05     
48080.1481885995          0.27804252534198          -0.97786799273561         -6.03738863606357e-05    
48080.6741145255          0.286512536711744         -0.975407899392783        -1.05451581786284e-05    
48081.2000404514          0.295113806733014         -0.972822426116538        6.6607106945856e-06      
48081.7259663773          0.303569913337311         -0.970222028568422        -6.79480360022582e-05    
48082.2518923032          0.312019504129195         -0.967513351575245        1.77059553621975e-05     
48082.7778182292          0.320543284232038         -0.96471309727267         -2.76435606896126e-05    
48083.3037441551          0.328889868164469         -0.961895538516017        -5.11333936451e-05       
48083.829670081           0.337324741337107         -0.958939607917862        2.60381878918619e-05     
48084.3555960069          0.345728142228729         -0.955938815014604        -5.8536744872521e-05     
48084.8815219329          0.354000066703688         -0.95288812256316         -1.87688631941061e-05    
48085.4074478588          0.362395628623332         -0.949698213586815        9.8686059761953e-06      
48085.9333737847          0.370659069172685         -0.946500398483388        -7.02379734799013e-05    
48086.4592997107          0.378888840078248         -0.943203401852749        1.21824735779336e-05     
48086.9852256366          0.387200299596195         -0.939800169806719        -2.26645572333972e-05    
48087.5111515625          0.395334112625773         -0.936395689390491        -5.67718259039801e-05    
48088.0370774884          0.403532334327122         -0.932850450974864        2.5521682938191e-05      
48088.5630034144          0.411715067176659         -0.929252673989091        -5.47221203186891e-05    
48089.0889293403          0.419750658062083         -0.925623215160146        -2.50271734820021e-05    
48089.6148552662          0.427898097897545         -0.921842469078011        1.43575174124385e-05     
48090.1407811921          0.435927415916031         -0.918057730755394        -6.95055705642189e-05    
48090.6667071181          0.443897734488421         -0.914186219224928        8.65276385974301e-06     
48091.192633044           0.451952760893374         -0.91019333888294         -1.53722608538543e-05    
48091.7185590394          0.459832946754482         -0.906213831880906        -5.90228272416931e-05    
48092.2444849653          0.46775252996577          -0.90209499881369         2.69755377542703e-05     
48092.7704108912          0.475669860532602         -0.897913764893941        -4.78172097896522e-05    
48093.2963368171          0.483428233376003         -0.893720117936612        -2.82530171461609e-05    
48093.8222627431          0.491283185618246         -0.889365901269036        2.07847438147445e-05     
48094.348188669           0.499034176461096         -0.885009044372189        -6.55031275451178e-05    
48094.8741145949          0.506703435434192         -0.880581058860204        7.25359169789498e-06     
48095.4000405208          0.514456284905071         -0.876017325698957        -6.21574197132584e-06    
48095.9259664468          0.522040045657924         -0.871480147941866        -5.86059590719569e-05    
48096.4518923727          0.529638341189475         -0.866809199015982        2.94383214250399e-05     
48096.9778182986          0.537244931230962         -0.862064670620834        -3.93159726247152e-05    
48097.5037442245          0.544684987581284         -0.857327641968788        -3.00870445757552e-05    
48098.0296701505          0.552204145834807         -0.852424048201244        2.72351278223078e-05     
48098.5555960764          0.55963361399863          -0.847516756555387        -6.05105890210445e-05    
48099.0815220023          0.566962122905387         -0.84255662137903         5.70080105622242e-06     
48099.6074479282          0.574369852756832         -0.837447522844498        2.29711773311833e-06     
48100.1333738542          0.581617101618629         -0.832376130431707        -5.81310281585317e-05    
48100.6592997801          0.588855251909438         -0.827180109502925        3.04145933866642e-05     
48101.185225706           0.596109754374922         -0.821898145089954        -3.18461445419847e-05    
48101.7111516319          0.603194383255242         -0.816643168004964        -3.29499246516995e-05    
48102.2370775579          0.610339320571827         -0.811218668640793        3.13978750357037e-05     
48102.7630034838          0.61740843040671          -0.805786792820552        -5.6792031854479e-05     
48103.2889294097          0.624361149857502         -0.800321870673841        2.12477466239232e-06     
48103.8148553935          0.631385776167857         -0.794696081797972        8.30545693321259e-06     
48104.3407813194          0.638260565601661         -0.789116554314457        -5.91598447709125e-05    
48104.8667072454          0.645104443619202         -0.783424389401736        2.86939821393305e-05     
48105.3926331713          0.65196981512187          -0.777633096195859        -2.66050390165701e-05    
48105.9185591435          0.658665703286831         -0.771887046111442        -3.76164972361164e-05    
48106.4444850694          0.665402315889494         -0.76597144433426         3.27015487569662e-05     
48106.9704109954          0.672075779362148         -0.76004234215322         -5.48190169951979e-05    
48107.4963369213          0.678621165294857         -0.754100791687703        -3.55378567069824e-06    
48108.0222628472          0.685228447312674         -0.747988094998698        1.18672311049825e-05     
48108.5481887732          0.691697801874506         -0.741927444125908        -6.1486267828112e-05     
48109.0741146991          0.698116549833824         -0.735768561381731        2.48223698352211e-05     
48109.600040625           0.704558925084359         -0.729496955070929        -2.29751381760469e-05    
48110.1259665509          0.710835350335193         -0.723287143076345        -4.32394196451458e-05    
48110.6518924769          0.717132595224977         -0.716910561727407        3.22392207687324e-05     
48111.1778184028          0.723377673500838         -0.710512203392098        -5.34487050888488e-05    
48111.7037443287          0.729486515819206         -0.704122120544336        -9.86987898959018e-06    
48112.2296702546          0.735644857624222         -0.697552482118488        1.45134115225321e-05     
48112.7555961806          0.741677632839711         -0.691037895850427        -6.34346428714931e-05    
48113.2815221065          0.74764240589292          -0.684441280639025        2.07526850745457e-05     
48113.8074480324          0.753629753712131         -0.67771848835296         -1.90878134439236e-05    
48114.3333739583          0.759457054574699         -0.671071947170758        -4.76853146999041e-05    
48114.8592998843          0.765285317965982         -0.664264048813303        3.22286336233646e-05     
48115.3852258102          0.771069974026693         -0.657424535990161        -5.05536714067393e-05    
48115.9111517361          0.776713363728218         -0.650613622729859        -1.44774480220117e-05    
48116.4370777315          0.782391656784744         -0.643617014373846        1.84772692848706e-05     
48116.9630036574          0.787956291459866         -0.636676036196292        -6.28608590062712e-05    
48117.4889295833          0.793437822783488         -0.62967081027821         1.86873820240949e-05     
48118.0148555093          0.798937592868574         -0.622526822247055        -1.2959891066247e-05     
48118.5407814352          0.804284864523146         -0.615471623308708        -4.91355709859548e-05    
48119.0667073611          0.809613576326618         -0.608263318386228        3.43905866354235e-05     
48119.592633287           0.814904549737591         -0.601012804822182        -4.47617592330823e-05    
48120.118559213           0.82005203349612          -0.593810916747543        -1.61974182837365e-05    
48120.6444851852          0.825218124974812         -0.586420039168038        2.46636726994434e-05     
48121.1704111111          0.830281673370892         -0.579083634355747        -5.925879841174e-05      
48121.696337037           0.835249570835914         -0.571702364581176        1.89296915153471e-05     
48122.222262963           0.840228606513377         -0.564171475823559        -4.74659821269655e-06    
48122.7481888889          0.845064130095726         -0.556740314256714        -4.80296696419673e-05    
48123.2741148148          0.84986272805954          -0.549167191299531        3.80036104850668e-05     
48123.8000407407          0.854627073451444         -0.541541393230066        -3.72792030720817e-05    
48124.3259666667          0.859248719860774         -0.533983727096925        -1.63579603595179e-05    
48124.8518926273          0.863872041651594         -0.526236845604257        3.13675038048848e-05     
48125.3778185532          0.868403209474082         -0.518542052194076        -5.46236219040042e-05    
48125.9037444792          0.872829428326761         -0.510822766862006        1.94477021013729e-05     
48126.4296704051          0.877257755448125         -0.502945077724338        3.17678217326791e-06     
48126.955596331           0.88155301797326          -0.495176294784829        -4.67907091716645e-05    
48127.4815222569          0.885795058191973         -0.487278927088247        4.06488880553683e-05     
48128.0074481829          0.890004338858359         -0.479318752760342        -3.06954861843181e-05    
48128.5333741088          0.894074780747091         -0.471445011813117        -1.74002772686884e-05    
48129.0593000347          0.898130121701469         -0.463384392057803        3.62028855117269e-05     
48129.5852259607          0.902102897154646         -0.455372194949089        -5.13305937003398e-05    
48130.1111518866          0.905964781351624         -0.447355937774703        1.81586200178133e-05     
48130.6370778125          0.909818279301505         -0.439174347289968        8.79905077417258e-06     
48131.1630037384          0.913550179057513         -0.431108761888213        -4.72256618806859e-05    
48131.6889296644          0.91721482757735          -0.422929334963266        4.08408289512145e-05     
48132.2148555903          0.920846234297713         -0.41467742270621         -2.64242762702113e-05    
48132.7407815162          0.924345199803278         -0.406528447594879        -2.03677540184894e-05    
48133.2667074421          0.927812717703751         -0.398197013876449        3.83400112394444e-05     
48133.7926334491          0.931206057793585         -0.389909316313703        -5.0074199970464e-05     
48134.318559375           0.934485601485252         -0.3816372965099          1.47793274615802e-05     
48134.8444853009          0.937745019939352         -0.373194904248865        1.19105666649865e-05     
48135.3704112269          0.940894711230993         -0.364873627789537        -4.92888284473473e-05    
48135.8963371528          0.943965421881309         -0.356453973482039        3.89465743872364e-05     
48136.4222630787          0.947000424544292         -0.34795296286673         -2.40570573161775e-05    
48136.9481890046          0.949911380947435         -0.33956935993617         -2.4561335648634e-05     
48137.4741149306          0.952775213040786         -0.33100947207166         3.86976414964954e-05     
48138.0000408565          0.955571807276107         -0.32248790727202         -4.98697557380724e-05    
48138.5259667824          0.958254390559099         -0.314000684287716        1.05673248568325e-05     
48139.0518927083          0.960904099519487         -0.305339838530569        1.39441217472358e-05     
48139.5778187037          0.963455919947797         -0.296803331750545        -5.1496007015808e-05     
48140.1037446296          0.96591914628547          -0.288184235475131        3.67222468128352e-05     
48140.6296705556          0.96834229893863          -0.279475776398274        -2.17523822785678e-05    
48141.1555964815          0.970651185296808         -0.27089710599374         -2.80561693679086e-05    
48141.6815224074          0.972897902138845         -0.262149769908865        3.94107466290641e-05     
48142.2074483333          0.975082642375674         -0.253434853381071        -4.86043773566775e-05    
48142.7333742593          0.97715520625561          -0.244771667253749        7.76496455984175e-06     
48143.2593001852          0.979181175453496         -0.235933417167124        1.71655423477867e-05     
48143.7852261111          0.981120471101273         -0.227221197994009        -5.1640878291461e-05     
48144.311152037           0.98296326409207          -0.218442313102556        3.64302815483029e-05     
48144.837077963           0.984759672664326         -0.209567394577426        -1.74386575154816e-05    
48145.3630038889          0.986452299608165         -0.200832880129191        -2.8846918272074e-05     
48145.8889298148          0.988068303997791         -0.191938852501194        4.23573252268374e-05     
48146.4148557407          0.98962572836211          -0.183071644440289        -4.47069609440244e-05    
48146.9407816667          0.991074468158628         -0.174272526313531        7.79065873557068e-06     
48147.466707662           0.992462177975114         -0.165299166601813        2.26960949233365e-05     
48147.992633588           0.993773658470344         -0.156452759366657        -4.89725715251058e-05    
48148.5185595139          0.99498250242825          -0.147555999116296        3.858523320711e-05       
48149.0444854398          0.996137157424241         -0.138558466413469        -1.09727875580908e-05    
48149.5704113657          0.99719924375255          -0.129710743060026        -2.71903766896882e-05    
48150.0963372917          0.998171331723866         -0.120714379181726        4.7031419583399e-05      
48150.6222632176          0.999086919177386         -0.111740047559794        -3.90890959265954e-05    
48151.1481891435          0.999899172615056         -0.102849368318479        9.43049040717624e-06     
48151.6741150695          1.00063602210202          -0.0937875939859868       2.90867070715617e-05     
48152.2000409954          1.00130676359772          -0.0848532303806163       -4.52760966750976e-05    
48152.7259669213          1.00187088853733          -0.0758850218565313       4.12598082267876e-05     
48153.2518928472          1.00237235872966          -0.0668132606489257       -4.51034316305624e-06    
48153.7778188194          1.00279343132864          -0.0578994535827811       -2.5363154720707e-05     
48154.3037447454          1.00311275338045          -0.0488491427457035       5.11065970119619e-05     
48154.8296706713          1.00337692172538          -0.0398168808663913       -3.4214318201225e-05     
48155.3555965972          1.00354504501355          -0.0308825681411065       1.03107853131664e-05     
48155.8815225232          1.00362404243444          -0.0217821660580473       3.3954863067007e-05      
48156.4074484491          1.00364690532713          -0.0128090644715359       -4.28845766464873e-05    
48156.933374375           1.0035613884171           -0.00381812146565063      4.23064697330549e-05     
48157.4593003009          1.00340448618334          0.00527753282456743       -9.8059505813171e-08     
48157.9852262269          1.00318017476362          0.0142086775392444        -2.52899365020988e-05    
48158.5111521528          1.00284406221993          0.0232635093437201        5.2934916888701e-05      
48159.0370780787          1.00245349400937          0.0323038125131955        -3.15411019429744e-05    
48159.5630040046          1.0019758444423           0.0412333933404078        9.06941066903527e-06     
48160.0889299306          1.00139600507715          0.0503226603969991        3.64035954530228e-05     
48160.6148559375          1.00076971458749          0.0592857588666865        -4.26427170510905e-05    
48161.1407818634          1.00003522994163          0.0682510739708701        4.10697659122596e-05     
48161.6667077894          0.999220299875465         0.0773212924158141        2.11162350237701e-06     
48162.1926337153          0.998351503306331         0.0862220995131296        -2.72311013572671e-05    
48162.7185596412          0.99736235841295          0.0952330196791053        5.26591345806101e-05     
48163.2444855671          0.996318691674906         0.104233099594417         -3.06588131953558e-05    
48163.7704114931          0.995198293950221         0.113110952099316         6.10270460855471e-06     
48164.296337419           0.993963237180641         0.12214091688982          3.72237668270597e-05     
48164.8222633449          0.992690898443129         0.131047011667801         -4.36686256681565e-05    
48165.3481892708          0.991312313481995         0.139940107459495         3.85920933586664e-05     
48165.8741151968          0.989843867556614         0.148937476600151         3.36512776580924e-06     
48166.4000411227          0.988335344691078         0.157762220436562         -2.980433306039e-05      
48166.9259670486          0.986699387626721         0.166682978962654         5.18219930727383e-05     
48167.4518929745          0.985007901475702         0.175596692290816         -2.99000889045783e-05    
48167.9778189005          0.983251124410889         0.184378159228107         3.21667323262235e-06     
48168.5037448264          0.981367764032053         0.193303121029399         3.83363289130791e-05     
48169.0296707523          0.979455412128748         0.202107676770315         -4.39445620739382e-05    
48169.5555967824          0.97744026032064          0.210884608280886         3.69667466715097e-05     
48170.0815227083          0.975325262028399         0.219764357616361         5.8435996126885e-06      
48170.6074486343          0.973183736634157         0.22846993748336          -3.08305879498844e-05    
48171.1333745602          0.970908867355558         0.237256952866983         5.26131531069695e-05     
48171.6593004861          0.968576179819874         0.246040601276666         -2.70994884573467e-05    
48172.185226412           0.966190195504884         0.25468333862764          2.49310435928584e-06     
48172.711152338           0.963666030889188         0.263459699073449         4.16904464548104e-05     
48173.2370782639          0.961119903826161         0.272119759442169         -4.16660156662938e-05    
48173.7630042593          0.958475532077173         0.280737960137453         3.78138819118774e-05     
48174.2889301852          0.955720757520816         0.289456073849532         1.08511755612111e-05     
48174.8148561111          0.952952470821381         0.297999540252574         -2.92118968270135e-05    
48175.340782037           0.9500461288758           0.306609057769593         5.57785827361444e-05     
48175.866707963           0.947078615558401         0.315217910357616         -2.19091139737575e-05    
48176.3926338889          0.944070358324364         0.323678138762703         4.03051124872229e-06     
48176.9185598148          0.940913136838974         0.332260431008319         4.69400878871955e-05     
48177.4444857407          0.937740088303097         0.340730449292082         -3.75214086708176e-05    
48177.9704116667          0.93447484413635          0.349144671445            4.01498538979075e-05     
48178.4963375926          0.931088790465732         0.357654068692888         1.70208999537485e-05     
48179.0222635185          0.927702134574187         0.36598915313715          -2.65589404823689e-05    
48179.5481894445          0.924174542925299         0.374374248824924         5.94676505829094e-05     
48180.0741153704          0.920582025550822         0.382760264650165         -1.6395914678731e-05     
48180.6000412963          0.916962274860894         0.390991074785998         5.62261660092502e-06     
48181.1259672222          0.913184209040621         0.399331022529848         5.17607248427003e-05     
48181.6518932639          0.909396012392475         0.407562770550264         -3.38948317477246e-05    
48182.1778191898          0.90552341639593          0.415725546728069         4.15958622918624e-05     
48182.7037451157          0.901520262596643         0.423977296816208         2.19677031121212e-05     
48183.2296710417          0.897529452515067         0.432056163521165         -2.51587471420564e-05    
48183.7555969676          0.893396787476834         0.440168971198217         6.14894287958028e-05     
48184.2815228935          0.889195388865979         0.448283409353264         -1.26632125396834e-05    
48184.8074488194          0.884981053121938         0.45623764905776          5.39719982004287e-06     
48185.3333747454          0.880600633208989         0.464287272852889         5.4405562395196e-05      
48185.8593006713          0.876215384271852         0.472232970443748         -3.23466465921833e-05    
48186.3852265972          0.871755008707216         0.480097846479713         4.08506859784022e-05     
48186.9111525231          0.867155105177892         0.488044358753667         2.45482372307388e-05     
48187.4370785417          0.862580303701778         0.49582068733732          -2.59066470563873e-05    
48187.9630044676          0.857864502040764         0.503615334062203         6.11904170469328e-05     
48188.4889303935          0.853076064089624         0.511411619720181         -1.11652021424406e-05    
48189.0148563194          0.848289453852609         0.519044503384111         3.11187473927131e-06     
48189.5407822454          0.843330468456469         0.526758505624165         5.4891828888649e-05      
48190.0667081713          0.83837134784191          0.534373186644765         -3.26737797568127e-05    
48190.5926340972          0.833347609672116         0.541896632305511         3.82917804940398e-05     
48191.1185600232          0.828176029717025         0.549493477792076         2.54095994303409e-05     
48191.644486007           0.823041860558044         0.556924157713854         -2.80508102635427e-05    
48192.1704119329          0.81776914724166          0.564358083782468         5.95267642626354e-05     
48192.6963378588          0.81241967100758          0.571793126325812         -1.07416408982359e-05    
48193.2222637847          0.807086983279981         0.579063332901939         1.21519134345762e-08     
48193.7481897107          0.801576988642361         0.586400067184474         5.46523777112131e-05     
48194.2741156366          0.796070805750587         0.593642427129977         -3.33197844491777e-05    
48194.8000415625          0.790511445848334         0.600784681450067         3.55954484547018e-05     
48195.3259674884          0.784796539333534         0.607991341419854         2.63530047244408e-05     
48195.8518934838          0.779130618574521         0.615037140963366         -2.97019720122772e-05    
48196.3778194097          0.77332994930263          0.622071874952482         5.84775199334551e-05     
48196.9037453357          0.767448028354565         0.629106693173124         -9.35914501097745e-06    
48197.4296712616          0.761597644211546         0.635977021414973         -1.81858471131764e-06    
48197.9555971875          0.755566148700545         0.642899106689643         5.58196577399339e-05     
48198.4815231713          0.749541309203645         0.649731996470776         -3.21783082437646e-05    
48199.0074490972          0.743475232214194         0.656457412517562         3.48192079276075e-05     
48199.5333750232          0.737246220523587         0.663237425331386         2.94125608322138e-05     
48200.0593009491          0.731076555456619         0.669862884621123         -2.89902398331598e-05    
48200.585226875           0.724776947474853         0.676463480114582         5.97736653026051e-05     
48201.1111528009          0.718390905902514         0.683062289421524         -5.43594645558302e-06    
48201.6370787269          0.712050576758528         0.689498207067238         -1.11636189760361e-06    
48202.1630046528          0.705526316272752         0.695970485974007         5.94231447398553e-05     
48202.6889305787          0.699010334963396         0.702358372076424         -2.85329806046251e-05    
48203.2148565046          0.692465487856806         0.708632277945275         3.62995699608277e-05     
48203.7407825116          0.68575085646932          0.714949621708793         3.45747830495749e-05     
48204.2667084375          0.679104931393156         0.721119008922426         -2.6295403399543e-05     
48204.7926343634          0.672335172523075         0.727249832186313         6.26563305947165e-05     
48205.3185602894          0.665473767551707         0.733375625444833         -1.11186114350371e-07    
48205.8444862153          0.658672080979025         0.739340979038991         6.9610448126436e-07      
48206.3704121412          0.651685299394151         0.745326591086865         6.37014355878521e-05     
48206.8963380671          0.644707949886084         0.751231946022748         -2.44077179578871e-05    
48207.4222639931          0.637715009584725         0.757017819228715         3.78567381915764e-05     
48207.948189919           0.630546755140864         0.762834796386256         3.94666595887696e-05     
48208.4741158449          0.623456092188682         0.768510802658394         -2.40669805102661e-05    
48209.0000417708          0.616249428202777         0.774135158284419         6.46458249343539e-05     
48209.5259678125          0.608946408279312         0.779750204915435         4.1324800388721e-06      
48210.0518937384          0.601717153092687         0.78520851806733          1.19220952649922e-06     
48210.5778196644          0.594303578905779         0.790670879704901         6.63437037716093e-05     
48211.1037455903          0.586900283291771         0.796056840261462         -2.19743440860285e-05    
48211.6296715162          0.579495571654748         0.801319284273814         3.74540717175406e-05     
48212.1555974421          0.571911422421699         0.80659986128496          4.22649792154857e-05     
48212.6815233681          0.564413182510067         0.811747153618014         -2.39395554581421e-05    
48213.207449294           0.556808367612482         0.816830757245964         6.43177981000802e-05     
48213.7333752199          0.549102986782073         0.821900113851275         6.09793905072685e-06     
48214.2593011458          0.541485188523796         0.826817909378077         -5.87799895038877e-07    
48214.7852271759          0.533685612022526         0.831723871664923         6.65908172030029e-05     
48215.3111531019          0.525896839977755         0.836557134811285         -2.17633600710729e-05    
48215.8370790278          0.518121306415157         0.841264582549465         3.48285057759901e-05     
48216.3630049537          0.510163578954558         0.845976843939906         4.2866848421562e-05      
48216.8889308796          0.502299324851378         0.850564222584246         -2.57697078745161e-05    
48217.4148568056          0.494339140482555         0.855077251787769         6.20257227308727e-05     
48217.9407827315          0.486274669300862         0.859570536121303         6.29758657609873e-06     
48218.4667086574          0.478311054530492         0.863918947688894         -3.9137888980114e-06     
48218.9926345833          0.470169764659326         0.868240227068215         6.5352741982169e-05      
48219.5185605093          0.462039339762829         0.872492360989009         -2.27113142328817e-05    
48220.0444864352          0.453936990586328         0.87661820445266          3.11910414879981e-05     
48220.5704124884          0.445650917218656         0.880735369533245         4.26588822721142e-05     
48221.0963384144          0.437464892646519         0.884736735015948         -2.80663056502479e-05    
48221.6222643403          0.429194579386125         0.888654571652983         5.93847413657705e-05     
48222.1481902662          0.420816598616953         0.892546706188256         6.47513234316186e-06     
48222.6741161921          0.412551923134963         0.896302124377396         -6.96847917477041e-06    
48223.2000421181          0.404115003962295         0.900015855710757         6.45318254422888e-05     
48223.725968044           0.395688436672542         0.903663828153477         -2.2851709376353e-05     
48224.2518939699          0.387304545524939         0.907186855192145         2.85838469750547e-05     
48224.7778199884          0.378736454839586         0.910687690045836         4.36455731970967e-05     
48225.3037459144          0.370273808038511         0.914082325379396         -2.87599143492476e-05    
48225.8296718403          0.361738933834862         0.917385840357721         5.84629683353592e-05     
48226.3555977662          0.353093309319472         0.920657179440291         8.57500325570506e-06     
48226.8815236921          0.344572137236774         0.923801189359902         -7.78153768874829e-06    
48227.4074496181          0.335885013347831         0.926889736312676         6.59330491573308e-05     
48227.933375544           0.327207039870699         0.929915397098049         -2.05515743706111e-05    
48228.4593014699          0.318585525198551         0.93281897741383          2.85204913458864e-05     
48228.9852273958          0.309780156249208         0.93568657723621          4.70710222960244e-05     
48229.5111533218          0.301084250607581         0.938457505302892         -2.6875938953727e-05     
48230.0370792477          0.292328253198647         0.941130847685594         5.99499291733516e-05     
48230.5630053125          0.283458738826922         0.94376450676417          1.29429213663723e-05     
48231.0889312384          0.27472349602871          0.946280728472636         -6.38955562592795e-06    
48231.6148571644          0.26582955354888          0.948727953416854         6.91689656289214e-05     
48232.1407830903          0.25694321502758          0.951114061785504         -1.65839928292345e-05    
48232.6667090162          0.248126613153495         0.95338182107574          2.98387139181696e-05     
48233.1926349421          0.239127846448367         0.955599208887033         5.14317186769617e-05     
48233.7185609491          0.230241840756241         0.95772894312935          -2.42408889418173e-05    
48234.244486875           0.22130848716975          0.959755501296552         6.17491977981914e-05     
48234.7704128009          0.212259989281275         0.961733869221589         1.72211351964846e-05     
48235.2963387269          0.203354899039501         0.963605101015216         -5.2697310645731e-06     
48235.8222646528          0.194299851564263         0.965394355869009         7.16380051016843e-05     
48236.3481905787          0.185251315071503         0.967123453424508         -1.3610683355558e-05     
48236.8741165741          0.176285603597251         0.968739138198973         2.99431379671525e-05     
48237.4000425             0.167141197027777         0.970290068903459         5.41712458447e-05        
48237.9259684259          0.15811249923618          0.971762271909999         -2.3293530222208e-05     
48238.4518943519          0.149049838872149         0.97312716455276          6.15982921430285e-05     
48238.9778202778          0.139871683993667         0.974434951900204         1.93593440085571e-05     
48239.5037462037          0.130845379490724         0.975646718757344         -6.30059381976524e-06    
48240.0296721296          0.12167922720718          0.976764624283218         7.17367386896428e-05     
48240.5555980556          0.112518798815027         0.97782294746171          -1.29912615961325e-05    
48241.0815239815          0.103453930600256         0.978774275977362         2.76601102931257e-05     
48241.6074500347          0.0942153803215904        0.979646899443888         5.44492900263541e-05     
48242.1333759606          0.0850948805289448        0.980449843815328         -2.4680123102297e-05     
48242.6593018866          0.0759542547362452        0.981142977544534         5.90763625870447e-05     
48243.1852278125          0.0666988052172763        0.98176998597306          1.92171352255771e-05     
48243.7111537384          0.0576027214274734        0.982312951512636         -9.45380100966025e-06    
48244.2370796644          0.0483780369233428        0.982751451277265         6.97305749165416e-05     
48244.7630055903          0.0391584066678296        0.983130728820071         -1.42526757427905e-05    
48245.2889315162          0.0300464544847937        0.983410899047632         2.36473063408747e-05     
48245.8148575463          0.0207671640953238        0.983599071673055         5.31020496992202e-05     
48246.3407834722          0.0116075364867667        0.983726747260782         -2.73808611194897e-05    
48246.8667093982          0.002441723217909         0.983743818751043         5.5368495859626e-05      
48247.3926353241          -0.00683734345378082      0.983685796661568         1.8131168266444e-05      
48247.91856125            -0.0159506822455871       0.983556509796919         -1.32575753021675e-05    
48248.4444871759          -0.0251805257032154       0.983313588213877         6.72229716426989e-05     
48248.9704131019          -0.034406030881111        0.983011602866229         -1.56697977510864e-05    
48249.496339132           -0.0435126144060558       0.982619857477257         1.96939681549997e-05     
48250.0222650579          -0.0527791054099416       0.982123588795725         5.20577586170184e-05     
48250.5481909838          -0.0619253006453799       0.981576070096907         -2.94405377739323e-05    
48251.0741169097          -0.0710638753015719       0.980918880863202         5.24658024649823e-05     
48251.6000428357          -0.0803135113071624       0.980177711349381         1.81803067068125e-05     
48252.1259687616          -0.0893924759537527       0.979378737070138         -1.56877060046057e-05    
48252.6518947801          -0.09857527844939         0.978458403446284         6.62524204175534e-05     
48253.177820706           -0.10775477282535         0.977478895450759         -1.52284869921659e-05    
48253.703746632           -0.116805298674003        0.976420241849552         1.77287519092244e-05     
48254.2296725579          -0.126007532197772        0.975245291306417         5.31621946290882e-05     
48254.7555985417          -0.13509003987193         0.974028152797963         -2.91225193318568e-05    
48255.2815244676          -0.144151698538661        0.972703745888852         5.19581559882909e-05     
48255.8074503935          -0.153321802119923        0.97128641366443          2.07178709754202e-05     
48256.3333763194          -0.162318025481967        0.969824920878828         -1.55378468471202e-05    
48256.8593022454          -0.171405308650608        0.968235479622595         6.77416094981932e-05     
48257.3852165972          -0.180490316030431        0.966586107050967         -1.23129050106788e-05    
48257.9111425926          -0.189437961508076        0.964868822022749         1.81135099832568e-05     
48258.4370685185          -0.198528401078335        0.963023809270105         5.63825846133639e-05     
48258.9629944444          -0.207500695791518        0.961144829622316         -2.68038435514367e-05    
48259.4889204398          -0.216439491632023        0.959161877667364         5.31120313485252e-05     
48260.0148463657          -0.225483337517982        0.957076507859067         2.46501916207317e-05     
48260.5407722917          -0.234351225748355        0.954960240328436         -1.42794632942583e-05    
48261.0666982176          -0.243296751153032        0.952710214929506         6.99034144699902e-05     
48261.5926241435          -0.252241229441415        0.950398393730607         -8.99344098853649e-06    
48262.1185500694          -0.261040456157384        0.948030313847387         1.84935652365925e-05     
48262.6444759954          -0.269972214295273        0.945523431795011         5.92038239479404e-05     
48263.1704019213          -0.278787698719545        0.942989988263922         -2.51419106069981e-05    
48263.696327963           -0.287557029442075        0.940356907273272         5.31976081670534e-05     
48264.2222538889          -0.296426632516344        0.937611812533722         2.72339548526663e-05     
48264.7481798148          -0.305119003382947        0.934848976080231         -1.45740149570688e-05    
48265.2741057407          -0.31387479959959         0.931947850340922         7.01761781749961e-05     
48265.8000316667          -0.322629722209719        0.928982740396653         -7.70301782429685e-06    
48266.3259575926          -0.331232471212868        0.925973756991477         1.67161617239825e-05     
48266.8518836343          -0.339956175067373        0.92281594034156          5.96339619626256e-05     
48267.3778095602          -0.348565591349595        0.919638654722797         -2.58426864192145e-05    
48267.9037354861          -0.357116587741359        0.916367485989946         5.08216506180975e-05     
48268.429661412           -0.365761785072073        0.912975172429285         2.72792436288376e-05     
48268.955587338           -0.374229392553339        0.909578402597283         -1.72847958948145e-05    
48269.4815132639          -0.382745849512028        0.906040428441635         6.79569615582801e-05     
48270.0074391898          -0.391260955075696        0.902436190599551         -8.7962285165395e-06     
48270.5333652315          -0.399618086075284        0.898801300464271         1.26818680350346e-05     
48271.0592911574          -0.408083616895665        0.895008812800479         5.78136194643485e-05     
48271.5852170833          -0.416437144886815        0.891203712348545         -2.85598795760965e-05    
48272.1111430093          -0.424720674417246        0.887311918476088         4.65391197357464e-05     
48272.6370689352          -0.433091282968084        0.883290478323357         2.55485517227052e-05     
48273.1629948611          -0.441285018431153        0.879277966682757         -2.1483580496415e-05     
48273.688920787           -0.449512954947125        0.875122971112025         6.43534542325406e-05     
48274.214846713           -0.457738551628144        0.87089950658634          -1.10200787202381e-05    
48274.7407727662          -0.465801703913263        0.86665932613509          7.81937656472591e-06     
48275.2666986921          -0.473960017430924        0.862254163426719         5.52790527061069e-05     
48275.7926246181          -0.48200897191771         0.857843094200588         -3.16290869746677e-05    
48276.318550544           -0.489977395146249        0.853353804214016         4.2159947971217e-05      
48276.8444764699          -0.498024937932993        0.848727195464662         2.38720876934156e-05     
