============================================================================
DIRBE SYSTEM SPECTRAL RESPONSE
Version:  Pass 3B data release, November 1996
          Only differs from the Pass 2B (1994) release in that wavelengths
          are now provided to three, rather than two, places after the
          decimal point.
 
This file tabulates normalized System Spectral Responses for the 10 DIRBE 
photometric bands.
============================================================================


Wavelength                          DIRBE Band
  (um)    1      2      3      4      5      6      7      8      9      10
-----------------------------------------------------------------------------
  0.997   0.00   0.00   0.00   0.00   0.00   0.00   0.00   0.00   0.00   0.00
  1.005   0.00   0.00   0.00   0.00   0.00   0.00   0.00   0.00   0.00   0.00
  1.013   0.00   0.00   0.00   0.00   0.00   0.00   0.00   0.00   0.00   0.00
  1.020   0.00   0.00   0.00   0.00   0.00   0.00   0.00   0.00   0.00   0.00
  1.028   0.00   0.00   0.00   0.00   0.00   0.00   0.00   0.00   0.00   0.00
  1.036   0.00   0.00   0.00   0.00   0.00   0.00   0.00   0.00   0.00   0.00
  1.045   0.00   0.00   0.00   0.00   0.00   0.00   0.00   0.00   0.00   0.00
  1.053   0.00   0.00   0.00   0.00   0.00   0.00   0.00   0.00   0.00   0.00
  1.061   0.00   0.00   0.00   0.00   0.00   0.00   0.00   0.00   0.00   0.00
  1.069   0.00   0.00   0.00   0.00   0.00   0.00   0.00   0.00   0.00   0.00
  1.078   0.01   0.00   0.00   0.00   0.00   0.00   0.00   0.00   0.00   0.00
  1.086   0.05   0.00   0.00   0.00   0.00   0.00   0.00   0.00   0.00   0.00
  1.095   0.15   0.00   0.00   0.00   0.00   0.00   0.00   0.00   0.00   0.00
  1.103   0.35   0.00   0.00   0.00   0.00   0.00   0.00   0.00   0.00   0.00
  1.112   0.54   0.00   0.00   0.00   0.00   0.00   0.00   0.00   0.00   0.00
  1.120   0.68   0.00   0.00   0.00   0.00   0.00   0.00   0.00   0.00   0.00
  1.129   0.80   0.00   0.00   0.00   0.00   0.00   0.00   0.00   0.00   0.00
  1.138   0.91   0.00   0.00   0.00   0.00   0.00   0.00   0.00   0.00   0.00
  1.147   0.98   0.00   0.00   0.00   0.00   0.00   0.00   0.00   0.00   0.00
  1.156   1.00   0.00   0.00   0.00   0.00   0.00   0.00   0.00   0.00   0.00
  1.165   1.00   0.00   0.00   0.00   0.00   0.00   0.00   0.00   0.00   0.00
  1.174   0.99   0.00   0.00   0.00   0.00   0.00   0.00   0.00   0.00   0.00
  1.183   0.99   0.00   0.00   0.00   0.00   0.00   0.00   0.00   0.00   0.00
  1.192   1.00   0.00   0.00   0.00   0.00   0.00   0.00   0.00   0.00   0.00
  1.202   1.00   0.00   0.00   0.00   0.00   0.00   0.00   0.00   0.00   0.00
  1.211   0.98   0.00   0.00   0.00   0.00   0.00   0.00   0.00   0.00   0.00
  1.220   0.96   0.00   0.00   0.00   0.00   0.00   0.00   0.00   0.00   0.00
  1.230   0.94   0.00   0.00   0.00   0.00   0.00   0.00   0.00   0.00   0.00
  1.240   0.93   0.00   0.00   0.00   0.00   0.00   0.00   0.00   0.00   0.00
  1.249   0.94   0.00   0.00   0.00   0.00   0.00   0.00   0.00   0.00   0.00
  1.259   0.94   0.00   0.00   0.00   0.00   0.00   0.00   0.00   0.00   0.00
  1.269   0.94   0.00   0.00   0.00   0.00   0.00   0.00   0.00   0.00   0.00
  1.279   0.93   0.00   0.00   0.00   0.00   0.00   0.00   0.00   0.00   0.00
  1.289   0.93   0.00   0.00   0.00   0.00   0.00   0.00   0.00   0.00   0.00
  1.299   0.94   0.00   0.00   0.00   0.00   0.00   0.00   0.00   0.00   0.00
  1.309   0.97   0.00   0.00   0.00   0.00   0.00   0.00   0.00   0.00   0.00
  1.319   0.98   0.00   0.00   0.00   0.00   0.00   0.00   0.00   0.00   0.00
  1.330   0.96   0.00   0.00   0.00   0.00   0.00   0.00   0.00   0.00   0.00
  1.340   0.93   0.00   0.00   0.00   0.00   0.00   0.00   0.00   0.00   0.00
  1.350   0.88   0.00   0.00   0.00   0.00   0.00   0.00   0.00   0.00   0.00
  1.361   0.86   0.00   0.00   0.00   0.00   0.00   0.00   0.00   0.00   0.00
  1.372   0.84   0.00   0.00   0.00   0.00   0.00   0.00   0.00   0.00   0.00
  1.382   0.86   0.00   0.00   0.00   0.00   0.00   0.00   0.00   0.00   0.00
  1.393   0.89   0.00   0.00   0.00   0.00   0.00   0.00   0.00   0.00   0.00
  1.404   0.94   0.00   0.00   0.00   0.00   0.00   0.00   0.00   0.00   0.00
  1.415   0.96   0.00   0.00   0.00   0.00   0.00   0.00   0.00   0.00   0.00
  1.426   0.76   0.00   0.00   0.00   0.00   0.00   0.00   0.00   0.00   0.00
  1.437   0.52   0.00   0.00   0.00   0.00   0.00   0.00   0.00   0.00   0.00
  1.448   0.29   0.00   0.00   0.00   0.00   0.00   0.00   0.00   0.00   0.00
  1.460   0.17   0.00   0.00   0.00   0.00   0.00   0.00   0.00   0.00   0.00
  1.471   0.05   0.00   0.00   0.00   0.00   0.00   0.00   0.00   0.00   0.00
  1.483   0.03   0.00   0.00   0.00   0.00   0.00   0.00   0.00   0.00   0.00
  1.494   0.01   0.00   0.00   0.00   0.00   0.00   0.00   0.00   0.00   0.00
  1.506   0.01   0.00   0.00   0.00   0.00   0.00   0.00   0.00   0.00   0.00
  1.518   0.00   0.00   0.00   0.00   0.00   0.00   0.00   0.00   0.00   0.00
  1.529   0.00   0.00   0.00   0.00   0.00   0.00   0.00   0.00   0.00   0.00
  1.541   0.00   0.00   0.00   0.00   0.00   0.00   0.00   0.00   0.00   0.00
  1.553   0.00   0.00   0.00   0.00   0.00   0.00   0.00   0.00   0.00   0.00
  1.566   0.00   0.00   0.00   0.00   0.00   0.00   0.00   0.00   0.00   0.00
  1.578   0.00   0.00   0.00   0.00   0.00   0.00   0.00   0.00   0.00   0.00
  1.590   0.00   0.00   0.00   0.00   0.00   0.00   0.00   0.00   0.00   0.00
  1.603   0.00   0.00   0.00   0.00   0.00   0.00   0.00   0.00   0.00   0.00
  1.615   0.00   0.00   0.00   0.00   0.00   0.00   0.00   0.00   0.00   0.00
  1.628   0.00   0.00   0.00   0.00   0.00   0.00   0.00   0.00   0.00   0.00
  1.640   0.00   0.00   0.00   0.00   0.00   0.00   0.00   0.00   0.00   0.00
  1.653   0.00   0.00   0.00   0.00   0.00   0.00   0.00   0.00   0.00   0.00
  1.666   0.00   0.00   0.00   0.00   0.00   0.00   0.00   0.00   0.00   0.00
  1.679   0.00   0.00   0.00   0.00   0.00   0.00   0.00   0.00   0.00   0.00
  1.692   0.00   0.00   0.00   0.00   0.00   0.00   0.00   0.00   0.00   0.00
  1.705   0.00   0.00   0.00   0.00   0.00   0.00   0.00   0.00   0.00   0.00
  1.719   0.00   0.00   0.00   0.00   0.00   0.00   0.00   0.00   0.00   0.00
  1.732   0.00   0.00   0.00   0.00   0.00   0.00   0.00   0.00   0.00   0.00
  1.746   0.00   0.00   0.00   0.00   0.00   0.00   0.00   0.00   0.00   0.00
  1.759   0.00   0.00   0.00   0.00   0.00   0.00   0.00   0.00   0.00   0.00
  1.773   0.00   0.00   0.00   0.00   0.00   0.00   0.00   0.00   0.00   0.00
  1.787   0.00   0.00   0.00   0.00   0.00   0.00   0.00   0.00   0.00   0.00
  1.801   0.00   0.00   0.00   0.00   0.00   0.00   0.00   0.00   0.00   0.00
  1.815   0.00   0.00   0.00   0.00   0.00   0.00   0.00   0.00   0.00   0.00
  1.829   0.00   0.00   0.00   0.00   0.00   0.00   0.00   0.00   0.00   0.00
  1.843   0.00   0.00   0.00   0.00   0.00   0.00   0.00   0.00   0.00   0.00
  1.858   0.00   0.00   0.00   0.00   0.00   0.00   0.00   0.00   0.00   0.00
  1.872   0.00   0.00   0.00   0.00   0.00   0.00   0.00   0.00   0.00   0.00
  1.887   0.00   0.00   0.00   0.00   0.00   0.00   0.00   0.00   0.00   0.00
  1.902   0.00   0.00   0.00   0.00   0.00   0.00   0.00   0.00   0.00   0.00
  1.917   0.00   0.00   0.00   0.00   0.00   0.00   0.00   0.00   0.00   0.00
  1.932   0.00   0.00   0.00   0.00   0.00   0.00   0.00   0.00   0.00   0.00
  1.947   0.00   0.01   0.00   0.00   0.00   0.00   0.00   0.00   0.00   0.00
  1.962   0.00   0.02   0.00   0.00   0.00   0.00   0.00   0.00   0.00   0.00
  1.977   0.00   0.04   0.00   0.00   0.00   0.00   0.00   0.00   0.00   0.00
  1.993   0.00   0.06   0.00   0.00   0.00   0.00   0.00   0.00   0.00   0.00
  2.008   0.00   0.11   0.00   0.00   0.00   0.00   0.00   0.00   0.00   0.00
  2.024   0.00   0.29   0.00   0.00   0.00   0.00   0.00   0.00   0.00   0.00
  2.040   0.00   0.53   0.00   0.00   0.00   0.00   0.00   0.00   0.00   0.00
  2.056   0.00   0.71   0.00   0.00   0.00   0.00   0.00   0.00   0.00   0.00
  2.072   0.00   0.94   0.00   0.00   0.00   0.00   0.00   0.00   0.00   0.00
  2.088   0.00   0.96   0.00   0.00   0.00   0.00   0.00   0.00   0.00   0.00
  2.104   0.00   0.96   0.00   0.00   0.00   0.00   0.00   0.00   0.00   0.00
  2.121   0.00   0.95   0.00   0.00   0.00   0.00   0.00   0.00   0.00   0.00
  2.137   0.00   0.94   0.00   0.00   0.00   0.00   0.00   0.00   0.00   0.00
  2.154   0.00   0.93   0.00   0.00   0.00   0.00   0.00   0.00   0.00   0.00
  2.171   0.00   0.92   0.00   0.00   0.00   0.00   0.00   0.00   0.00   0.00
  2.188   0.00   0.92   0.00   0.00   0.00   0.00   0.00   0.00   0.00   0.00
  2.205   0.00   0.91   0.00   0.00   0.00   0.00   0.00   0.00   0.00   0.00
  2.222   0.00   0.93   0.00   0.00   0.00   0.00   0.00   0.00   0.00   0.00
  2.239   0.00   0.95   0.00   0.00   0.00   0.00   0.00   0.00   0.00   0.00
  2.257   0.00   0.96   0.00   0.00   0.00   0.00   0.00   0.00   0.00   0.00
  2.274   0.00   0.98   0.00   0.00   0.00   0.00   0.00   0.00   0.00   0.00
  2.292   0.00   0.99   0.00   0.00   0.00   0.00   0.00   0.00   0.00   0.00
  2.310   0.00   1.00   0.00   0.00   0.00   0.00   0.00   0.00   0.00   0.00
  2.328   0.00   1.00   0.00   0.00   0.00   0.00   0.00   0.00   0.00   0.00
  2.346   0.00   1.00   0.00   0.00   0.00   0.00   0.00   0.00   0.00   0.00
  2.365   0.00   1.00   0.00   0.00   0.00   0.00   0.00   0.00   0.00   0.00
  2.383   0.00   0.94   0.00   0.00   0.00   0.00   0.00   0.00   0.00   0.00
  2.402   0.00   0.67   0.00   0.00   0.00   0.00   0.00   0.00   0.00   0.00
  2.420   0.00   0.27   0.00   0.00   0.00   0.00   0.00   0.00   0.00   0.00
  2.439   0.00   0.12   0.00   0.00   0.00   0.00   0.00   0.00   0.00   0.00
  2.458   0.00   0.04   0.00   0.00   0.00   0.00   0.00   0.00   0.00   0.00
  2.478   0.00   0.02   0.00   0.00   0.00   0.00   0.00   0.00   0.00   0.00
  2.497   0.00   0.01   0.00   0.00   0.00   0.00   0.00   0.00   0.00   0.00
  2.517   0.00   0.01   0.00   0.00   0.00   0.00   0.00   0.00   0.00   0.00
  2.536   0.00   0.00   0.00   0.00   0.00   0.00   0.00   0.00   0.00   0.00
  2.556   0.00   0.00   0.00   0.00   0.00   0.00   0.00   0.00   0.00   0.00
  2.576   0.00   0.00   0.00   0.00   0.00   0.00   0.00   0.00   0.00   0.00
  2.596   0.00   0.00   0.00   0.00   0.00   0.00   0.00   0.00   0.00   0.00
  2.616   0.00   0.00   0.00   0.00   0.00   0.00   0.00   0.00   0.00   0.00
  2.637   0.00   0.00   0.00   0.00   0.00   0.00   0.00   0.00   0.00   0.00
  2.657   0.00   0.00   0.00   0.00   0.00   0.00   0.00   0.00   0.00   0.00
  2.678   0.00   0.00   0.00   0.00   0.00   0.00   0.00   0.00   0.00   0.00
  2.699   0.00   0.00   0.00   0.00   0.00   0.00   0.00   0.00   0.00   0.00
  2.720   0.00   0.00   0.00   0.00   0.00   0.00   0.00   0.00   0.00   0.00
  2.741   0.00   0.00   0.00   0.00   0.00   0.00   0.00   0.00   0.00   0.00
  2.763   0.00   0.00   0.00   0.00   0.00   0.00   0.00   0.00   0.00   0.00
  2.784   0.00   0.00   0.00   0.00   0.00   0.00   0.00   0.00   0.00   0.00
  2.806   0.00   0.00   0.00   0.00   0.00   0.00   0.00   0.00   0.00   0.00
  2.828   0.00   0.00   0.00   0.00   0.00   0.00   0.00   0.00   0.00   0.00
  2.850   0.00   0.00   0.00   0.00   0.00   0.00   0.00   0.00   0.00   0.00
  2.872   0.00   0.00   0.00   0.00   0.00   0.00   0.00   0.00   0.00   0.00
  2.895   0.00   0.00   0.00   0.00   0.00   0.00   0.00   0.00   0.00   0.00
  2.917   0.00   0.00   0.00   0.00   0.00   0.00   0.00   0.00   0.00   0.00
  2.940   0.00   0.00   0.00   0.00   0.00   0.00   0.00   0.00   0.00   0.00
  2.963   0.00   0.00   0.01   0.00   0.00   0.00   0.00   0.00   0.00   0.00
  2.986   0.00   0.00   0.02   0.00   0.00   0.00   0.00   0.00   0.00   0.00
  3.010   0.00   0.00   0.07   0.00   0.00   0.00   0.00   0.00   0.00   0.00
  3.033   0.00   0.00   0.21   0.00   0.00   0.00   0.00   0.00   0.00   0.00
  3.057   0.00   0.00   0.47   0.00   0.00   0.00   0.00   0.00   0.00   0.00
  3.081   0.00   0.00   0.71   0.00   0.00   0.00   0.00   0.00   0.00   0.00
  3.105   0.00   0.00   0.82   0.00   0.00   0.00   0.00   0.00   0.00   0.00
  3.129   0.00   0.00   0.85   0.00   0.00   0.00   0.00   0.00   0.00   0.00
  3.154   0.00   0.00   0.87   0.00   0.00   0.00   0.00   0.00   0.00   0.00
  3.178   0.00   0.00   0.88   0.00   0.00   0.00   0.00   0.00   0.00   0.00
  3.203   0.00   0.00   0.88   0.00   0.00   0.00   0.00   0.00   0.00   0.00
  3.228   0.00   0.00   0.86   0.00   0.00   0.00   0.00   0.00   0.00   0.00
  3.253   0.00   0.00   0.86   0.00   0.00   0.00   0.00   0.00   0.00   0.00
  3.279   0.00   0.00   0.85   0.00   0.00   0.00   0.00   0.00   0.00   0.00
  3.304   0.00   0.00   0.86   0.00   0.00   0.00   0.00   0.00   0.00   0.00
  3.330   0.00   0.00   0.88   0.00   0.00   0.00   0.00   0.00   0.00   0.00
  3.356   0.00   0.00   0.90   0.00   0.00   0.00   0.00   0.00   0.00   0.00
  3.382   0.00   0.00   0.91   0.00   0.00   0.00   0.00   0.00   0.00   0.00
  3.409   0.00   0.00   0.92   0.00   0.00   0.00   0.00   0.00   0.00   0.00
  3.435   0.00   0.00   0.91   0.00   0.00   0.00   0.00   0.00   0.00   0.00
  3.462   0.00   0.00   0.91   0.00   0.00   0.00   0.00   0.00   0.00   0.00
  3.489   0.00   0.00   0.92   0.00   0.00   0.00   0.00   0.00   0.00   0.00
  3.516   0.00   0.00   0.93   0.00   0.00   0.00   0.00   0.00   0.00   0.00
  3.544   0.00   0.00   0.94   0.00   0.00   0.00   0.00   0.00   0.00   0.00
  3.572   0.00   0.00   0.96   0.00   0.00   0.00   0.00   0.00   0.00   0.00
  3.599   0.00   0.00   0.97   0.00   0.00   0.00   0.00   0.00   0.00   0.00
  3.628   0.00   0.00   0.98   0.00   0.00   0.00   0.00   0.00   0.00   0.00
  3.656   0.00   0.00   0.98   0.00   0.00   0.00   0.00   0.00   0.00   0.00
  3.685   0.00   0.00   0.97   0.00   0.00   0.00   0.00   0.00   0.00   0.00
  3.713   0.00   0.00   0.96   0.00   0.00   0.00   0.00   0.00   0.00   0.00
  3.742   0.00   0.00   0.95   0.00   0.00   0.00   0.00   0.00   0.00   0.00
  3.772   0.00   0.00   0.94   0.00   0.00   0.00   0.00   0.00   0.00   0.00
  3.801   0.00   0.00   0.95   0.00   0.00   0.00   0.00   0.00   0.00   0.00
  3.831   0.00   0.00   0.95   0.00   0.00   0.00   0.00   0.00   0.00   0.00
  3.861   0.00   0.00   0.96   0.00   0.00   0.00   0.00   0.00   0.00   0.00
  3.891   0.00   0.00   0.98   0.00   0.00   0.00   0.00   0.00   0.00   0.00
  3.921   0.00   0.00   1.00   0.00   0.00   0.00   0.00   0.00   0.00   0.00
  3.952   0.00   0.00   0.98   0.00   0.00   0.00   0.00   0.00   0.00   0.00
  3.983   0.00   0.00   0.85   0.00   0.00   0.00   0.00   0.00   0.00   0.00
  4.014   0.00   0.00   0.63   0.00   0.00   0.00   0.00   0.00   0.00   0.00
  4.045   0.00   0.00   0.35   0.00   0.00   0.00   0.00   0.00   0.00   0.00
  4.077   0.00   0.00   0.14   0.00   0.00   0.00   0.00   0.00   0.00   0.00
  4.109   0.00   0.00   0.06   0.00   0.00   0.00   0.00   0.00   0.00   0.00
  4.141   0.00   0.00   0.02   0.00   0.00   0.00   0.00   0.00   0.00   0.00
  4.173   0.00   0.00   0.01   0.00   0.00   0.00   0.00   0.00   0.00   0.00
  4.206   0.00   0.00   0.01   0.00   0.00   0.00   0.00   0.00   0.00   0.00
  4.238   0.00   0.00   0.00   0.00   0.00   0.00   0.00   0.00   0.00   0.00
  4.272   0.00   0.00   0.00   0.00   0.00   0.00   0.00   0.00   0.00   0.00
  4.305   0.00   0.00   0.00   0.00   0.00   0.00   0.00   0.00   0.00   0.00
  4.339   0.00   0.00   0.00   0.01   0.00   0.00   0.00   0.00   0.00   0.00
  4.372   0.00   0.00   0.00   0.02   0.00   0.00   0.00   0.00   0.00   0.00
  4.407   0.00   0.00   0.00   0.03   0.00   0.00   0.00   0.00   0.00   0.00
  4.441   0.00   0.00   0.00   0.03   0.00   0.00   0.00   0.00   0.00   0.00
  4.476   0.00   0.00   0.00   0.04   0.00   0.00   0.00   0.00   0.00   0.00
  4.511   0.00   0.00   0.00   0.20   0.00   0.00   0.00   0.00   0.00   0.00
  4.546   0.00   0.00   0.00   0.37   0.00   0.00   0.00   0.00   0.00   0.00
  4.581   0.00   0.00   0.00   0.61   0.00   0.00   0.00   0.00   0.00   0.00
  4.617   0.00   0.00   0.00   0.91   0.00   0.00   0.00   0.00   0.00   0.00
  4.653   0.00   0.00   0.00   0.95   0.00   0.00   0.00   0.00   0.00   0.00
  4.690   0.00   0.00   0.00   0.97   0.00   0.00   0.00   0.00   0.00   0.00
  4.726   0.00   0.00   0.00   0.99   0.00   0.00   0.00   0.00   0.00   0.00
  4.763   0.00   0.00   0.00   1.00   0.00   0.00   0.00   0.00   0.00   0.00
  4.800   0.00   0.00   0.00   1.00   0.00   0.00   0.00   0.00   0.00   0.00
  4.838   0.00   0.00   0.00   1.00   0.00   0.00   0.00   0.00   0.00   0.00
  4.876   0.00   0.00   0.00   0.99   0.00   0.00   0.00   0.00   0.00   0.00
  4.914   0.00   0.00   0.00   0.98   0.00   0.00   0.00   0.00   0.00   0.00
  4.952   0.00   0.00   0.00   0.97   0.00   0.00   0.00   0.00   0.00   0.00
  4.991   0.00   0.00   0.00   0.95   0.00   0.00   0.00   0.00   0.00   0.00
  5.030   0.00   0.00   0.00   0.93   0.00   0.00   0.00   0.00   0.00   0.00
  5.069   0.00   0.00   0.00   0.91   0.00   0.00   0.00   0.00   0.00   0.00
  5.109   0.00   0.00   0.00   0.88   0.00   0.00   0.00   0.00   0.00   0.00
  5.149   0.00   0.00   0.00   0.85   0.00   0.00   0.00   0.00   0.00   0.00
  5.189   0.00   0.00   0.00   0.80   0.00   0.00   0.00   0.00   0.00   0.00
  5.229   0.00   0.00   0.00   0.57   0.00   0.00   0.00   0.00   0.00   0.00
  5.270   0.00   0.00   0.00   0.27   0.00   0.00   0.00   0.00   0.00   0.00
  5.311   0.00   0.00   0.00   0.04   0.00   0.00   0.00   0.00   0.00   0.00
  5.353   0.00   0.00   0.00   0.00   0.00   0.00   0.00   0.00   0.00   0.00
  5.395   0.00   0.00   0.00   0.00   0.00   0.00   0.00   0.00   0.00   0.00
  5.437   0.00   0.00   0.00   0.00   0.00   0.00   0.00   0.00   0.00   0.00
  5.479   0.00   0.00   0.00   0.00   0.00   0.00   0.00   0.00   0.00   0.00
  5.522   0.00   0.00   0.00   0.00   0.00   0.00   0.00   0.00   0.00   0.00
  5.565   0.00   0.00   0.00   0.00   0.00   0.00   0.00   0.00   0.00   0.00
  5.609   0.00   0.00   0.00   0.00   0.00   0.00   0.00   0.00   0.00   0.00
  5.652   0.00   0.00   0.00   0.00   0.00   0.00   0.00   0.00   0.00   0.00
  5.697   0.00   0.00   0.00   0.00   0.00   0.00   0.00   0.00   0.00   0.00
  5.741   0.00   0.00   0.00   0.00   0.00   0.00   0.00   0.00   0.00   0.00
  5.786   0.00   0.00   0.00   0.00   0.00   0.00   0.00   0.00   0.00   0.00
  5.831   0.00   0.00   0.00   0.00   0.00   0.00   0.00   0.00   0.00   0.00
  5.877   0.00   0.00   0.00   0.00   0.00   0.00   0.00   0.00   0.00   0.00
  5.923   0.00   0.00   0.00   0.00   0.00   0.00   0.00   0.00   0.00   0.00
  5.969   0.00   0.00   0.00   0.00   0.00   0.00   0.00   0.00   0.00   0.00
  6.015   0.00   0.00   0.00   0.00   0.00   0.00   0.00   0.00   0.00   0.00
  6.062   0.00   0.00   0.00   0.00   0.00   0.00   0.00   0.00   0.00   0.00
  6.110   0.00   0.00   0.00   0.00   0.00   0.00   0.00   0.00   0.00   0.00
  6.158   0.00   0.00   0.00   0.00   0.00   0.00   0.00   0.00   0.00   0.00
  6.206   0.00   0.00   0.00   0.00   0.00   0.00   0.00   0.00   0.00   0.00
  6.254   0.00   0.00   0.00   0.00   0.00   0.00   0.00   0.00   0.00   0.00
  6.303   0.00   0.00   0.00   0.00   0.00   0.00   0.00   0.00   0.00   0.00
  6.352   0.00   0.00   0.00   0.00   0.00   0.00   0.00   0.00   0.00   0.00
  6.402   0.00   0.00   0.00   0.00   0.00   0.00   0.00   0.00   0.00   0.00
  6.452   0.00   0.00   0.00   0.00   0.00   0.00   0.00   0.00   0.00   0.00
  6.502   0.00   0.00   0.00   0.00   0.00   0.00   0.00   0.00   0.00   0.00
  6.553   0.00   0.00   0.00   0.00   0.00   0.00   0.00   0.00   0.00   0.00
  6.604   0.00   0.00   0.00   0.00   0.00   0.00   0.00   0.00   0.00   0.00
  6.656   0.00   0.00   0.00   0.00   0.00   0.00   0.00   0.00   0.00   0.00
  6.708   0.00   0.00   0.00   0.00   0.00   0.00   0.00   0.00   0.00   0.00
  6.760   0.00   0.00   0.00   0.00   0.00   0.00   0.00   0.00   0.00   0.00
  6.813   0.00   0.00   0.00   0.00   0.00   0.00   0.00   0.00   0.00   0.00
  6.866   0.00   0.00   0.00   0.00   0.00   0.00   0.00   0.00   0.00   0.00
  6.920   0.00   0.00   0.00   0.00   0.00   0.00   0.00   0.00   0.00   0.00
  6.974   0.00   0.00   0.00   0.00   0.00   0.00   0.00   0.00   0.00   0.00
  7.028   0.00   0.00   0.00   0.00   0.00   0.00   0.00   0.00   0.00   0.00
  7.083   0.00   0.00   0.00   0.00   0.00   0.00   0.00   0.00   0.00   0.00
  7.139   0.00   0.00   0.00   0.00   0.00   0.00   0.00   0.00   0.00   0.00
  7.194   0.00   0.00   0.00   0.00   0.00   0.00   0.00   0.00   0.00   0.00
  7.251   0.00   0.00   0.00   0.00   0.00   0.00   0.00   0.00   0.00   0.00
  7.307   0.00   0.00   0.00   0.00   0.00   0.00   0.00   0.00   0.00   0.00
  7.364   0.00   0.00   0.00   0.00   0.00   0.00   0.00   0.00   0.00   0.00
  7.422   0.00   0.00   0.00   0.00   0.00   0.00   0.00   0.00   0.00   0.00
  7.480   0.00   0.00   0.00   0.00   0.00   0.00   0.00   0.00   0.00   0.00
  7.538   0.00   0.00   0.00   0.00   0.00   0.00   0.00   0.00   0.00   0.00
  7.597   0.00   0.00   0.00   0.00   0.00   0.00   0.00   0.00   0.00   0.00
  7.656   0.00   0.00   0.00   0.00   0.01   0.00   0.00   0.00   0.00   0.00
  7.716   0.00   0.00   0.00   0.00   0.01   0.00   0.00   0.00   0.00   0.00
  7.777   0.00   0.00   0.00   0.00   0.02   0.00   0.00   0.00   0.00   0.00
  7.837   0.00   0.00   0.00   0.00   0.03   0.00   0.00   0.00   0.00   0.00
  7.898   0.00   0.00   0.00   0.00   0.03   0.00   0.00   0.00   0.00   0.00
  7.960   0.00   0.00   0.00   0.00   0.04   0.00   0.00   0.00   0.00   0.00
  8.022   0.00   0.00   0.00   0.00   0.15   0.00   0.00   0.00   0.00   0.00
  8.085   0.00   0.00   0.00   0.00   0.21   0.00   0.00   0.00   0.00   0.00
  8.148   0.00   0.00   0.00   0.00   0.25   0.00   0.00   0.00   0.00   0.00
  8.212   0.00   0.00   0.00   0.00   0.29   0.00   0.00   0.00   0.00   0.00
  8.276   0.00   0.00   0.00   0.00   0.32   0.00   0.00   0.00   0.00   0.00
  8.341   0.00   0.00   0.00   0.00   0.35   0.00   0.00   0.00   0.00   0.00
  8.406   0.00   0.00   0.00   0.00   0.38   0.00   0.00   0.00   0.00   0.00
  8.471   0.00   0.00   0.00   0.00   0.41   0.00   0.00   0.00   0.00   0.00
  8.538   0.00   0.00   0.00   0.00   0.45   0.00   0.00   0.00   0.00   0.00
  8.604   0.00   0.00   0.00   0.00   0.50   0.00   0.00   0.00   0.00   0.00
  8.671   0.00   0.00   0.00   0.00   0.54   0.00   0.00   0.00   0.00   0.00
  8.739   0.00   0.00   0.00   0.00   0.59   0.00   0.00   0.00   0.00   0.00
  8.807   0.00   0.00   0.00   0.00   0.63   0.00   0.00   0.00   0.00   0.00
  8.876   0.00   0.00   0.00   0.00   0.68   0.00   0.00   0.00   0.00   0.00
  8.946   0.00   0.00   0.00   0.00   0.71   0.00   0.00   0.00   0.00   0.00
  9.016   0.00   0.00   0.00   0.00   0.72   0.00   0.00   0.00   0.00   0.00
  9.086   0.00   0.00   0.00   0.00   0.71   0.00   0.00   0.00   0.00   0.00
  9.157   0.00   0.00   0.00   0.00   0.71   0.00   0.00   0.00   0.00   0.00
  9.228   0.00   0.00   0.00   0.00   0.72   0.00   0.00   0.00   0.00   0.00
  9.301   0.00   0.00   0.00   0.00   0.72   0.00   0.00   0.00   0.00   0.00
  9.373   0.00   0.00   0.00   0.00   0.73   0.00   0.00   0.00   0.00   0.00
  9.446   0.00   0.00   0.00   0.00   0.73   0.00   0.00   0.00   0.00   0.00
  9.520   0.00   0.00   0.00   0.00   0.73   0.00   0.00   0.00   0.00   0.00
  9.595   0.00   0.00   0.00   0.00   0.70   0.00   0.00   0.00   0.00   0.00
  9.669   0.00   0.00   0.00   0.00   0.67   0.00   0.00   0.00   0.00   0.00
  9.745   0.00   0.00   0.00   0.00   0.65   0.00   0.00   0.00   0.00   0.00
  9.821   0.00   0.00   0.00   0.00   0.61   0.00   0.00   0.00   0.00   0.00
  9.898   0.00   0.00   0.00   0.00   0.57   0.00   0.00   0.00   0.00   0.00
  9.975   0.00   0.00   0.00   0.00   0.53   0.00   0.00   0.00   0.00   0.00
 10.053   0.00   0.00   0.00   0.00   0.53   0.00   0.00   0.00   0.00   0.00
 10.132   0.00   0.00   0.00   0.00   0.55   0.00   0.00   0.00   0.00   0.00
 10.211   0.00   0.00   0.00   0.00   0.57   0.00   0.00   0.00   0.00   0.00
 10.291   0.00   0.00   0.00   0.00   0.59   0.00   0.00   0.00   0.00   0.00
 10.371   0.00   0.00   0.00   0.00   0.61   0.00   0.00   0.00   0.00   0.00
 10.452   0.00   0.00   0.00   0.00   0.64   0.00   0.00   0.00   0.00   0.00
 10.534   0.00   0.00   0.00   0.00   0.65   0.00   0.00   0.00   0.00   0.00
 10.616   0.00   0.00   0.00   0.00   0.64   0.00   0.00   0.00   0.00   0.00
 10.699   0.00   0.00   0.00   0.00   0.62   0.00   0.00   0.00   0.00   0.00
 10.782   0.00   0.00   0.00   0.00   0.61   0.00   0.00   0.00   0.00   0.00
 10.867   0.00   0.00   0.00   0.00   0.59   0.00   0.00   0.00   0.00   0.00
 10.951   0.00   0.00   0.00   0.00   0.58   0.00   0.00   0.00   0.00   0.00
 11.037   0.00   0.00   0.00   0.00   0.59   0.00   0.00   0.00   0.00   0.00
 11.123   0.00   0.00   0.00   0.00   0.64   0.00   0.00   0.00   0.00   0.00
 11.210   0.00   0.00   0.00   0.00   0.69   0.00   0.00   0.00   0.00   0.00
 11.298   0.00   0.00   0.00   0.00   0.74   0.00   0.00   0.00   0.00   0.00
 11.386   0.00   0.00   0.00   0.00   0.78   0.00   0.00   0.00   0.00   0.00
 11.475   0.00   0.00   0.00   0.00   0.83   0.00   0.00   0.00   0.00   0.00
 11.564   0.00   0.00   0.00   0.00   0.84   0.00   0.00   0.00   0.00   0.00
 11.655   0.00   0.00   0.00   0.00   0.84   0.00   0.00   0.00   0.00   0.00
 11.746   0.00   0.00   0.00   0.00   0.84   0.00   0.00   0.00   0.00   0.00
 11.838   0.00   0.00   0.00   0.00   0.84   0.00   0.00   0.00   0.00   0.00
 11.930   0.00   0.00   0.00   0.00   0.83   0.00   0.00   0.00   0.00   0.00
 12.023   0.00   0.00   0.00   0.00   0.84   0.00   0.00   0.00   0.00   0.00
 12.117   0.00   0.00   0.00   0.00   0.87   0.00   0.00   0.00   0.00   0.00
 12.212   0.00   0.00   0.00   0.00   0.90   0.00   0.00   0.00   0.00   0.00
 12.307   0.00   0.00   0.00   0.00   0.94   0.00   0.00   0.00   0.00   0.00
 12.403   0.00   0.00   0.00   0.00   0.97   0.00   0.00   0.00   0.00   0.00
 12.500   0.00   0.00   0.00   0.00   1.00   0.00   0.00   0.00   0.00   0.00
 12.598   0.00   0.00   0.00   0.00   0.98   0.00   0.00   0.00   0.00   0.00
 12.696   0.00   0.00   0.00   0.00   0.97   0.00   0.00   0.00   0.00   0.00
 12.795   0.00   0.00   0.00   0.00   0.95   0.00   0.00   0.00   0.00   0.00
 12.895   0.00   0.00   0.00   0.00   0.94   0.00   0.00   0.00   0.00   0.00
 12.996   0.00   0.00   0.00   0.00   0.91   0.00   0.00   0.00   0.00   0.00
 13.098   0.00   0.00   0.00   0.00   0.86   0.00   0.00   0.00   0.00   0.00
 13.200   0.00   0.00   0.00   0.00   0.80   0.00   0.00   0.00   0.00   0.00
 13.303   0.00   0.00   0.00   0.00   0.75   0.00   0.00   0.00   0.00   0.00
 13.407   0.00   0.00   0.00   0.00   0.69   0.00   0.00   0.00   0.00   0.00
 13.512   0.00   0.00   0.00   0.00   0.64   0.00   0.00   0.00   0.00   0.00
 13.617   0.00   0.00   0.00   0.00   0.72   0.00   0.00   0.00   0.00   0.00
 13.724   0.00   0.00   0.00   0.00   0.78   0.00   0.00   0.00   0.00   0.00
 13.831   0.00   0.00   0.00   0.00   0.83   0.00   0.00   0.00   0.00   0.00
 13.939   0.00   0.00   0.00   0.00   0.87   0.00   0.00   0.00   0.00   0.00
 14.048   0.00   0.00   0.00   0.00   0.91   0.00   0.00   0.00   0.00   0.00
 14.157   0.00   0.00   0.00   0.00   0.91   0.00   0.00   0.00   0.00   0.00
 14.268   0.00   0.00   0.00   0.00   0.91   0.00   0.00   0.00   0.00   0.00
 14.379   0.00   0.00   0.00   0.00   0.90   0.00   0.00   0.00   0.00   0.00
 14.492   0.00   0.00   0.00   0.00   0.89   0.00   0.00   0.00   0.00   0.00
 14.605   0.00   0.00   0.00   0.00   0.86   0.00   0.00   0.00   0.00   0.00
 14.719   0.00   0.00   0.00   0.00   0.82   0.00   0.00   0.00   0.00   0.00
 14.834   0.00   0.00   0.00   0.00   0.79   0.00   0.00   0.00   0.00   0.00
 14.950   0.00   0.00   0.00   0.00   0.79   0.00   0.00   0.00   0.00   0.00
 15.067   0.00   0.00   0.00   0.00   0.78   0.00   0.00   0.00   0.00   0.00
 15.184   0.00   0.00   0.00   0.00   0.76   0.00   0.00   0.00   0.00   0.00
 15.303   0.00   0.00   0.00   0.00   0.73   0.00   0.00   0.00   0.00   0.00
 15.423   0.00   0.00   0.00   0.00   0.71   0.00   0.00   0.00   0.00   0.00
 15.543   0.00   0.00   0.00   0.00   0.71   0.01   0.00   0.00   0.00   0.00
 15.664   0.00   0.00   0.00   0.00   0.74   0.02   0.00   0.00   0.00   0.00
 15.787   0.00   0.00   0.00   0.00   0.76   0.04   0.00   0.00   0.00   0.00
 15.910   0.00   0.00   0.00   0.00   0.79   0.05   0.00   0.00   0.00   0.00
 16.034   0.00   0.00   0.00   0.00   0.83   0.08   0.00   0.00   0.00   0.00
 16.160   0.00   0.00   0.00   0.00   0.90   0.16   0.00   0.00   0.00   0.00
 16.286   0.00   0.00   0.00   0.00   0.95   0.21   0.00   0.00   0.00   0.00
 16.413   0.00   0.00   0.00   0.00   0.97   0.34   0.00   0.00   0.00   0.00
 16.541   0.00   0.00   0.00   0.00   0.77   0.45   0.00   0.00   0.00   0.00
 16.670   0.00   0.00   0.00   0.00   0.52   0.55   0.00   0.00   0.00   0.00
 16.801   0.00   0.00   0.00   0.00   0.41   0.67   0.00   0.00   0.00   0.00
 16.932   0.00   0.00   0.00   0.00   0.29   0.79   0.00   0.00   0.00   0.00
 17.064   0.00   0.00   0.00   0.00   0.16   0.85   0.00   0.00   0.00   0.00
 17.198   0.00   0.00   0.00   0.00   0.03   0.89   0.00   0.00   0.00   0.00
 17.332   0.00   0.00   0.00   0.00   0.02   0.92   0.00   0.00   0.00   0.00
 17.467   0.00   0.00   0.00   0.00   0.01   0.93   0.00   0.00   0.00   0.00
 17.604   0.00   0.00   0.00   0.00   0.00   0.91   0.00   0.00   0.00   0.00
 17.741   0.00   0.00   0.00   0.00   0.00   0.88   0.00   0.00   0.00   0.00
 17.880   0.00   0.00   0.00   0.00   0.00   0.84   0.00   0.00   0.00   0.00
 18.019   0.00   0.00   0.00   0.00   0.00   0.82   0.00   0.00   0.00   0.00
 18.160   0.00   0.00   0.00   0.00   0.00   0.88   0.00   0.00   0.00   0.00
 18.302   0.00   0.00   0.00   0.00   0.00   0.94   0.00   0.00   0.00   0.00
 18.445   0.00   0.00   0.00   0.00   0.00   1.00   0.00   0.00   0.00   0.00
 18.589   0.00   0.00   0.00   0.00   0.00   0.99   0.00   0.00   0.00   0.00
 18.734   0.00   0.00   0.00   0.00   0.00   0.93   0.00   0.00   0.00   0.00
 18.881   0.00   0.00   0.00   0.00   0.00   0.87   0.00   0.00   0.00   0.00
 19.028   0.00   0.00   0.00   0.00   0.00   0.81   0.00   0.00   0.00   0.00
 19.177   0.00   0.00   0.00   0.00   0.00   0.68   0.00   0.00   0.00   0.00
 19.327   0.00   0.00   0.00   0.00   0.00   0.56   0.00   0.00   0.00   0.00
 19.477   0.00   0.00   0.00   0.00   0.00   0.46   0.00   0.00   0.00   0.00
 19.630   0.00   0.00   0.00   0.00   0.00   0.51   0.00   0.00   0.00   0.00
 19.783   0.00   0.00   0.00   0.00   0.00   0.60   0.00   0.00   0.00   0.00
 19.938   0.00   0.00   0.00   0.00   0.00   0.69   0.00   0.00   0.00   0.00
 20.093   0.00   0.00   0.00   0.00   0.00   0.70   0.00   0.00   0.00   0.00
 20.250   0.00   0.00   0.00   0.00   0.00   0.64   0.00   0.00   0.00   0.00
 20.408   0.00   0.00   0.00   0.00   0.00   0.60   0.00   0.00   0.00   0.00
 20.568   0.00   0.00   0.00   0.00   0.00   0.58   0.00   0.00   0.00   0.00
 20.728   0.00   0.00   0.00   0.00   0.00   0.63   0.00   0.00   0.00   0.00
 20.890   0.00   0.00   0.00   0.00   0.00   0.66   0.00   0.00   0.00   0.00
 21.054   0.00   0.00   0.00   0.00   0.00   0.70   0.00   0.00   0.00   0.00
 21.218   0.00   0.00   0.00   0.00   0.00   0.75   0.00   0.00   0.00   0.00
 21.384   0.00   0.00   0.00   0.00   0.00   0.80   0.00   0.00   0.00   0.00
 21.551   0.00   0.00   0.00   0.00   0.00   0.80   0.00   0.00   0.00   0.00
 21.719   0.00   0.00   0.00   0.00   0.00   0.69   0.00   0.00   0.00   0.00
 21.889   0.00   0.00   0.00   0.00   0.00   0.59   0.00   0.00   0.00   0.00
 22.060   0.00   0.00   0.00   0.00   0.00   0.53   0.00   0.00   0.00   0.00
 22.232   0.00   0.00   0.00   0.00   0.00   0.57   0.00   0.00   0.00   0.00
 22.406   0.00   0.00   0.00   0.00   0.00   0.61   0.00   0.00   0.00   0.00
 22.581   0.00   0.00   0.00   0.00   0.00   0.66   0.00   0.00   0.00   0.00
 22.757   0.00   0.00   0.00   0.00   0.00   0.74   0.00   0.00   0.00   0.00
 22.935   0.00   0.00   0.00   0.00   0.00   0.83   0.00   0.00   0.00   0.00
 23.114   0.00   0.00   0.00   0.00   0.00   0.83   0.00   0.00   0.00   0.00
 23.295   0.00   0.00   0.00   0.00   0.00   0.78   0.00   0.00   0.00   0.00
 23.477   0.00   0.00   0.00   0.00   0.00   0.73   0.00   0.00   0.00   0.00
 23.660   0.00   0.00   0.00   0.00   0.00   0.70   0.00   0.00   0.00   0.00
 23.845   0.00   0.00   0.00   0.00   0.00   0.68   0.00   0.00   0.00   0.00
 24.031   0.00   0.00   0.00   0.00   0.00   0.67   0.00   0.00   0.00   0.00
 24.219   0.00   0.00   0.00   0.00   0.00   0.79   0.00   0.00   0.00   0.00
 24.408   0.00   0.00   0.00   0.00   0.00   0.90   0.00   0.00   0.00   0.00
 24.599   0.00   0.00   0.00   0.00   0.00   0.95   0.00   0.00   0.00   0.00
 24.791   0.00   0.00   0.00   0.00   0.00   0.94   0.00   0.00   0.00   0.00
 24.984   0.00   0.00   0.00   0.00   0.00   0.93   0.00   0.00   0.00   0.00
 25.180   0.00   0.00   0.00   0.00   0.00   0.77   0.00   0.00   0.00   0.00
 25.376   0.00   0.00   0.00   0.00   0.00   0.62   0.00   0.00   0.00   0.00
 25.574   0.00   0.00   0.00   0.00   0.00   0.48   0.00   0.00   0.00   0.00
 25.774   0.00   0.00   0.00   0.00   0.00   0.35   0.00   0.00   0.00   0.00
 25.976   0.00   0.00   0.00   0.00   0.00   0.24   0.00   0.00   0.00   0.00
 26.178   0.00   0.00   0.00   0.00   0.00   0.18   0.00   0.00   0.00   0.00
 26.383   0.00   0.00   0.00   0.00   0.00   0.14   0.00   0.00   0.00   0.00
 26.589   0.00   0.00   0.00   0.00   0.00   0.09   0.00   0.00   0.00   0.00
 26.797   0.00   0.00   0.00   0.00   0.00   0.08   0.00   0.00   0.00   0.00
 27.006   0.00   0.00   0.00   0.00   0.00   0.07   0.00   0.00   0.00   0.00
 27.217   0.00   0.00   0.00   0.00   0.00   0.08   0.00   0.00   0.00   0.00
 27.430   0.00   0.00   0.00   0.00   0.00   0.08   0.00   0.00   0.00   0.00
 27.644   0.00   0.00   0.00   0.00   0.00   0.07   0.00   0.00   0.00   0.00
 27.860   0.00   0.00   0.00   0.00   0.00   0.05   0.00   0.00   0.00   0.00
 28.077   0.00   0.00   0.00   0.00   0.00   0.04   0.00   0.00   0.00   0.00
 28.297   0.00   0.00   0.00   0.00   0.00   0.03   0.00   0.00   0.00   0.00
 28.518   0.00   0.00   0.00   0.00   0.00   0.02   0.00   0.00   0.00   0.00
 28.741   0.00   0.00   0.00   0.00   0.00   0.02   0.00   0.00   0.00   0.00
 28.965   0.00   0.00   0.00   0.00   0.00   0.01   0.00   0.00   0.00   0.00
 29.191   0.00   0.00   0.00   0.00   0.00   0.01   0.00   0.00   0.00   0.00
 29.419   0.00   0.00   0.00   0.00   0.00   0.00   0.00   0.00   0.00   0.00
 29.649   0.00   0.00   0.00   0.00   0.00   0.00   0.00   0.00   0.00   0.00
 29.881   0.00   0.00   0.00   0.00   0.00   0.00   0.00   0.00   0.00   0.00
 30.114   0.00   0.00   0.00   0.00   0.00   0.00   0.00   0.00   0.00   0.00
 30.349   0.00   0.00   0.00   0.00   0.00   0.00   0.01   0.00   0.00   0.00
 30.586   0.00   0.00   0.00   0.00   0.00   0.00   0.01   0.00   0.00   0.00
 30.825   0.00   0.00   0.00   0.00   0.00   0.00   0.01   0.00   0.00   0.00
 31.066   0.00   0.00   0.00   0.00   0.00   0.00   0.01   0.00   0.00   0.00
 31.309   0.00   0.00   0.00   0.00   0.00   0.00   0.01   0.00   0.00   0.00
 31.553   0.00   0.00   0.00   0.00   0.00   0.00   0.01   0.00   0.00   0.00
 31.800   0.00   0.00   0.00   0.00   0.00   0.00   0.01   0.00   0.00   0.00
 32.048   0.00   0.00   0.00   0.00   0.00   0.00   0.02   0.00   0.00   0.00
 32.299   0.00   0.00   0.00   0.00   0.00   0.00   0.02   0.00   0.00   0.00
 32.551   0.00   0.00   0.00   0.00   0.00   0.00   0.02   0.00   0.00   0.00
 32.805   0.00   0.00   0.00   0.00   0.00   0.00   0.02   0.00   0.00   0.00
 33.061   0.00   0.00   0.00   0.00   0.00   0.00   0.02   0.00   0.00   0.00
 33.320   0.00   0.00   0.00   0.00   0.00   0.00   0.02   0.00   0.00   0.00
 33.580   0.00   0.00   0.00   0.00   0.00   0.00   0.02   0.00   0.00   0.00
 33.842   0.00   0.00   0.00   0.00   0.00   0.00   0.02   0.00   0.00   0.00
 34.107   0.00   0.00   0.00   0.00   0.00   0.00   0.02   0.00   0.00   0.00
 34.373   0.00   0.00   0.00   0.00   0.00   0.00   0.02   0.00   0.00   0.00
 34.641   0.00   0.00   0.00   0.00   0.00   0.00   0.01   0.00   0.00   0.00
 34.912   0.00   0.00   0.00   0.00   0.00   0.00   0.01   0.00   0.00   0.00
 35.185   0.00   0.00   0.00   0.00   0.00   0.00   0.01   0.00   0.00   0.00
 35.460   0.00   0.00   0.00   0.00   0.00   0.00   0.01   0.00   0.00   0.00
 35.737   0.00   0.00   0.00   0.00   0.00   0.00   0.01   0.00   0.00   0.00
 36.016   0.00   0.00   0.00   0.00   0.00   0.00   0.00   0.00   0.00   0.00
 36.297   0.00   0.00   0.00   0.00   0.00   0.00   0.00   0.00   0.00   0.00
 36.581   0.00   0.00   0.00   0.00   0.00   0.00   0.00   0.00   0.00   0.00
 36.866   0.00   0.00   0.00   0.00   0.00   0.00   0.00   0.00   0.00   0.00
 37.154   0.00   0.00   0.00   0.00   0.00   0.00   0.00   0.00   0.00   0.00
 37.444   0.00   0.00   0.00   0.00   0.00   0.00   0.00   0.00   0.00   0.00
 37.737   0.00   0.00   0.00   0.00   0.00   0.00   0.00   0.00   0.00   0.00
 38.032   0.00   0.00   0.00   0.00   0.00   0.00   0.03   0.00   0.00   0.00
 38.329   0.00   0.00   0.00   0.00   0.00   0.00   0.06   0.00   0.00   0.00
 38.628   0.00   0.00   0.00   0.00   0.00   0.00   0.09   0.00   0.00   0.00
 38.930   0.00   0.00   0.00   0.00   0.00   0.00   0.11   0.00   0.00   0.00
 39.234   0.00   0.00   0.00   0.00   0.00   0.00   0.13   0.00   0.00   0.00
 39.541   0.00   0.00   0.00   0.00   0.00   0.00   0.16   0.00   0.00   0.00
 39.849   0.00   0.00   0.00   0.00   0.00   0.00   0.19   0.00   0.00   0.00
 40.161   0.00   0.00   0.00   0.00   0.00   0.00   0.22   0.00   0.00   0.00
 40.474   0.00   0.00   0.00   0.00   0.00   0.00   0.24   0.00   0.00   0.00
 40.791   0.00   0.00   0.00   0.00   0.00   0.00   0.27   0.00   0.00   0.00
 41.109   0.00   0.00   0.00   0.00   0.00   0.00   0.30   0.00   0.00   0.00
 41.430   0.00   0.00   0.00   0.00   0.00   0.00   0.34   0.00   0.00   0.00
 41.754   0.00   0.00   0.00   0.00   0.00   0.00   0.37   0.00   0.00   0.00
 42.080   0.00   0.00   0.00   0.00   0.00   0.00   0.39   0.00   0.00   0.00
 42.409   0.00   0.00   0.00   0.00   0.00   0.00   0.42   0.00   0.00   0.00
 42.740   0.00   0.00   0.00   0.00   0.00   0.00   0.45   0.00   0.00   0.00
 43.074   0.00   0.00   0.00   0.00   0.00   0.00   0.48   0.00   0.00   0.00
 43.410   0.00   0.00   0.00   0.00   0.00   0.00   0.50   0.00   0.00   0.00
 43.749   0.00   0.00   0.00   0.00   0.00   0.00   0.53   0.00   0.00   0.00
 44.091   0.00   0.00   0.00   0.00   0.00   0.00   0.56   0.00   0.00   0.00
 44.436   0.00   0.00   0.00   0.00   0.00   0.00   0.59   0.00   0.00   0.00
 44.783   0.00   0.00   0.00   0.00   0.00   0.00   0.62   0.00   0.00   0.00
 45.132   0.00   0.00   0.00   0.00   0.00   0.00   0.65   0.00   0.00   0.00
 45.485   0.00   0.00   0.00   0.00   0.00   0.00   0.67   0.00   0.00   0.00
 45.840   0.00   0.00   0.00   0.00   0.00   0.00   0.69   0.00   0.00   0.00
 46.198   0.00   0.00   0.00   0.00   0.00   0.00   0.70   0.00   0.00   0.00
 46.559   0.00   0.00   0.00   0.00   0.00   0.00   0.72   0.00   0.00   0.00
 46.923   0.00   0.00   0.00   0.00   0.00   0.00   0.73   0.00   0.00   0.00
 47.289   0.00   0.00   0.00   0.00   0.00   0.00   0.74   0.00   0.00   0.00
 47.659   0.00   0.00   0.00   0.00   0.00   0.00   0.75   0.00   0.00   0.00
 48.031   0.00   0.00   0.00   0.00   0.00   0.00   0.76   0.00   0.00   0.00
 48.406   0.00   0.00   0.00   0.00   0.00   0.00   0.77   0.00   0.00   0.00
 48.784   0.00   0.00   0.00   0.00   0.00   0.00   0.78   0.00   0.00   0.00
 49.166   0.00   0.00   0.00   0.00   0.00   0.00   0.79   0.00   0.00   0.00
 49.550   0.00   0.00   0.00   0.00   0.00   0.00   0.80   0.00   0.00   0.00
 49.937   0.00   0.00   0.00   0.00   0.00   0.00   0.81   0.00   0.00   0.00
 50.327   0.00   0.00   0.00   0.00   0.00   0.00   0.83   0.00   0.00   0.00
 50.720   0.00   0.00   0.00   0.00   0.00   0.00   0.84   0.00   0.00   0.00
 51.116   0.00   0.00   0.00   0.00   0.00   0.00   0.85   0.00   0.00   0.00
 51.515   0.00   0.00   0.00   0.00   0.00   0.00   0.86   0.00   0.00   0.00
 51.918   0.00   0.00   0.00   0.00   0.00   0.00   0.87   0.00   0.00   0.00
 52.323   0.00   0.00   0.00   0.00   0.00   0.00   0.88   0.00   0.00   0.00
 52.732   0.00   0.00   0.00   0.00   0.00   0.00   0.89   0.00   0.00   0.00
 53.144   0.00   0.00   0.00   0.00   0.00   0.00   0.89   0.00   0.00   0.00
 53.559   0.00   0.00   0.00   0.00   0.00   0.00   0.89   0.00   0.00   0.00
 53.977   0.00   0.00   0.00   0.00   0.00   0.00   0.89   0.00   0.00   0.00
 54.399   0.00   0.00   0.00   0.00   0.00   0.00   0.90   0.00   0.00   0.00
 54.824   0.00   0.00   0.00   0.00   0.00   0.00   0.90   0.00   0.00   0.00
 55.252   0.00   0.00   0.00   0.00   0.00   0.00   0.91   0.00   0.00   0.00
 55.684   0.00   0.00   0.00   0.00   0.00   0.00   0.92   0.00   0.00   0.00
 56.119   0.00   0.00   0.00   0.00   0.00   0.00   0.94   0.00   0.00   0.00
 56.557   0.00   0.00   0.00   0.00   0.00   0.00   0.96   0.00   0.00   0.00
 56.999   0.00   0.00   0.00   0.00   0.00   0.00   0.97   0.00   0.00   0.00
 57.444   0.00   0.00   0.00   0.00   0.00   0.00   0.98   0.00   0.00   0.00
 57.893   0.00   0.00   0.00   0.00   0.00   0.00   0.98   0.00   0.00   0.00
 58.345   0.00   0.00   0.00   0.00   0.00   0.00   0.99   0.00   0.00   0.00
 58.801   0.00   0.00   0.00   0.00   0.00   0.00   0.99   0.00   0.00   0.00
 59.260   0.00   0.00   0.00   0.00   0.00   0.00   0.99   0.00   0.00   0.00
 59.723   0.00   0.00   0.00   0.00   0.00   0.00   0.99   0.00   0.00   0.00
 60.189   0.00   0.00   0.00   0.00   0.00   0.00   1.00   0.00   0.00   0.00
 60.660   0.00   0.00   0.00   0.00   0.00   0.00   1.00   0.00   0.00   0.00
 61.133   0.00   0.00   0.00   0.00   0.00   0.00   1.00   0.00   0.00   0.00
 61.611   0.00   0.00   0.00   0.00   0.00   0.00   1.00   0.00   0.00   0.00
 62.092   0.00   0.00   0.00   0.00   0.00   0.00   1.00   0.00   0.00   0.00
 62.577   0.00   0.00   0.00   0.00   0.00   0.00   1.00   0.00   0.00   0.00
 63.066   0.00   0.00   0.00   0.00   0.00   0.00   0.97   0.00   0.00   0.00
 63.559   0.00   0.00   0.00   0.00   0.00   0.00   0.95   0.00   0.00   0.00
 64.055   0.00   0.00   0.00   0.00   0.00   0.00   0.93   0.00   0.00   0.00
 64.556   0.00   0.00   0.00   0.00   0.00   0.00   0.90   0.00   0.00   0.00
 65.060   0.00   0.00   0.00   0.00   0.00   0.00   0.88   0.00   0.00   0.00
 65.568   0.00   0.00   0.00   0.00   0.00   0.00   0.84   0.01   0.00   0.00
 66.080   0.00   0.00   0.00   0.00   0.00   0.00   0.80   0.01   0.00   0.00
 66.596   0.00   0.00   0.00   0.00   0.00   0.00   0.77   0.03   0.00   0.00
 67.117   0.00   0.00   0.00   0.00   0.00   0.00   0.73   0.04   0.00   0.00
 67.641   0.00   0.00   0.00   0.00   0.00   0.00   0.69   0.06   0.00   0.00
 68.169   0.00   0.00   0.00   0.00   0.00   0.00   0.66   0.08   0.00   0.00
 68.702   0.00   0.00   0.00   0.00   0.00   0.00   0.62   0.10   0.00   0.00
 69.238   0.00   0.00   0.00   0.00   0.00   0.00   0.58   0.11   0.00   0.00
 69.779   0.00   0.00   0.00   0.00   0.00   0.00   0.55   0.13   0.00   0.00
 70.324   0.00   0.00   0.00   0.00   0.00   0.00   0.52   0.14   0.00   0.00
 70.874   0.00   0.00   0.00   0.00   0.00   0.00   0.49   0.15   0.00   0.00
 71.427   0.00   0.00   0.00   0.00   0.00   0.00   0.46   0.15   0.00   0.00
 71.985   0.00   0.00   0.00   0.00   0.00   0.00   0.42   0.16   0.00   0.00
 72.547   0.00   0.00   0.00   0.00   0.00   0.00   0.37   0.17   0.00   0.00
 73.114   0.00   0.00   0.00   0.00   0.00   0.00   0.32   0.18   0.00   0.00
 73.685   0.00   0.00   0.00   0.00   0.00   0.00   0.27   0.18   0.00   0.00
 74.261   0.00   0.00   0.00   0.00   0.00   0.00   0.23   0.19   0.00   0.00
 74.841   0.00   0.00   0.00   0.00   0.00   0.00   0.20   0.20   0.00   0.00
 75.425   0.00   0.00   0.00   0.00   0.00   0.00   0.17   0.21   0.00   0.00
 76.015   0.00   0.00   0.00   0.00   0.00   0.00   0.14   0.22   0.00   0.00
 76.608   0.00   0.00   0.00   0.00   0.00   0.00   0.10   0.23   0.00   0.00
 77.207   0.00   0.00   0.00   0.00   0.00   0.00   0.08   0.24   0.00   0.00
 77.810   0.00   0.00   0.00   0.00   0.00   0.00   0.07   0.27   0.00   0.00
 78.418   0.00   0.00   0.00   0.00   0.00   0.00   0.06   0.29   0.00   0.00
 79.030   0.00   0.00   0.00   0.00   0.00   0.00   0.04   0.31   0.00   0.00
 79.648   0.00   0.00   0.00   0.00   0.00   0.00   0.03   0.34   0.00   0.00
 80.270   0.00   0.00   0.00   0.00   0.00   0.00   0.02   0.36   0.00   0.00
 80.897   0.00   0.00   0.00   0.00   0.00   0.00   0.01   0.38   0.00   0.00
 81.529   0.00   0.00   0.00   0.00   0.00   0.00   0.01   0.40   0.00   0.00
 82.166   0.00   0.00   0.00   0.00   0.00   0.00   0.00   0.42   0.00   0.00
 82.807   0.00   0.00   0.00   0.00   0.00   0.00   0.00   0.43   0.00   0.00
 83.454   0.00   0.00   0.00   0.00   0.00   0.00   0.00   0.45   0.00   0.00
 84.106   0.00   0.00   0.00   0.00   0.00   0.00   0.00   0.47   0.00   0.00
 84.763   0.00   0.00   0.00   0.00   0.00   0.00   0.00   0.49   0.00   0.00
 85.425   0.00   0.00   0.00   0.00   0.00   0.00   0.00   0.51   0.00   0.00
 86.092   0.00   0.00   0.00   0.00   0.00   0.00   0.00   0.52   0.00   0.00
 86.765   0.00   0.00   0.00   0.00   0.00   0.00   0.00   0.54   0.00   0.00
 87.443   0.00   0.00   0.00   0.00   0.00   0.00   0.00   0.56   0.00   0.00
 88.126   0.00   0.00   0.00   0.00   0.00   0.00   0.00   0.57   0.00   0.00
 88.814   0.00   0.00   0.00   0.00   0.00   0.00   0.00   0.59   0.00   0.00
 89.508   0.00   0.00   0.00   0.00   0.00   0.00   0.00   0.61   0.00   0.00
 90.207   0.00   0.00   0.00   0.00   0.00   0.00   0.00   0.63   0.00   0.00
 90.912   0.00   0.00   0.00   0.00   0.00   0.00   0.00   0.66   0.00   0.00
 91.622   0.00   0.00   0.00   0.00   0.00   0.00   0.00   0.68   0.00   0.00
 92.337   0.00   0.00   0.00   0.00   0.00   0.00   0.00   0.71   0.00   0.00
 93.059   0.00   0.00   0.00   0.00   0.00   0.00   0.00   0.74   0.00   0.00
 93.786   0.00   0.00   0.00   0.00   0.00   0.00   0.00   0.76   0.00   0.00
 94.518   0.00   0.00   0.00   0.00   0.00   0.00   0.00   0.79   0.00   0.00
 95.257   0.00   0.00   0.00   0.00   0.00   0.00   0.00   0.81   0.00   0.00
 96.001   0.00   0.00   0.00   0.00   0.00   0.00   0.00   0.83   0.00   0.00
 96.751   0.00   0.00   0.00   0.00   0.00   0.00   0.00   0.84   0.00   0.00
 97.506   0.00   0.00   0.00   0.00   0.00   0.00   0.00   0.86   0.00   0.00
 98.268   0.00   0.00   0.00   0.00   0.00   0.00   0.00   0.88   0.00   0.00
 99.035   0.00   0.00   0.00   0.00   0.00   0.00   0.00   0.89   0.00   0.00
 99.809   0.00   0.00   0.00   0.00   0.00   0.00   0.00   0.91   0.01   0.00
100.589   0.00   0.00   0.00   0.00   0.00   0.00   0.00   0.95   0.01   0.00
101.374   0.00   0.00   0.00   0.00   0.00   0.00   0.00   0.96   0.02   0.00
102.166   0.00   0.00   0.00   0.00   0.00   0.00   0.00   0.97   0.02   0.00
102.964   0.00   0.00   0.00   0.00   0.00   0.00   0.00   0.98   0.03   0.00
103.769   0.00   0.00   0.00   0.00   0.00   0.00   0.00   0.99   0.03   0.00
104.579   0.00   0.00   0.00   0.00   0.00   0.00   0.00   1.00   0.04   0.00
105.396   0.00   0.00   0.00   0.00   0.00   0.00   0.00   1.00   0.05   0.00
106.219   0.00   0.00   0.00   0.00   0.00   0.00   0.00   1.00   0.06   0.00
107.049   0.00   0.00   0.00   0.00   0.00   0.00   0.00   1.00   0.08   0.00
107.885   0.00   0.00   0.00   0.00   0.00   0.00   0.00   0.99   0.09   0.00
108.728   0.00   0.00   0.00   0.00   0.00   0.00   0.00   0.99   0.11   0.00
109.577   0.00   0.00   0.00   0.00   0.00   0.00   0.00   0.99   0.12   0.00
110.433   0.00   0.00   0.00   0.00   0.00   0.00   0.00   0.98   0.15   0.00
111.296   0.00   0.00   0.00   0.00   0.00   0.00   0.00   0.95   0.18   0.00
112.165   0.00   0.00   0.00   0.00   0.00   0.00   0.00   0.88   0.21   0.00
113.041   0.00   0.00   0.00   0.00   0.00   0.00   0.00   0.81   0.23   0.00
113.924   0.00   0.00   0.00   0.00   0.00   0.00   0.00   0.72   0.24   0.00
114.814   0.00   0.00   0.00   0.00   0.00   0.00   0.00   0.64   0.26   0.00
115.711   0.00   0.00   0.00   0.00   0.00   0.00   0.00   0.54   0.28   0.00
116.615   0.00   0.00   0.00   0.00   0.00   0.00   0.00   0.44   0.30   0.00
117.526   0.00   0.00   0.00   0.00   0.00   0.00   0.00   0.35   0.32   0.00
118.444   0.00   0.00   0.00   0.00   0.00   0.00   0.00   0.27   0.32   0.00
119.369   0.00   0.00   0.00   0.00   0.00   0.00   0.00   0.20   0.33   0.00
120.302   0.00   0.00   0.00   0.00   0.00   0.00   0.00   0.16   0.34   0.00
121.241   0.00   0.00   0.00   0.00   0.00   0.00   0.00   0.12   0.34   0.00
122.188   0.00   0.00   0.00   0.00   0.00   0.00   0.00   0.09   0.35   0.00
123.143   0.00   0.00   0.00   0.00   0.00   0.00   0.00   0.07   0.35   0.00
124.105   0.00   0.00   0.00   0.00   0.00   0.00   0.00   0.06   0.36   0.00
125.074   0.00   0.00   0.00   0.00   0.00   0.00   0.00   0.05   0.37   0.00
126.051   0.00   0.00   0.00   0.00   0.00   0.00   0.00   0.04   0.38   0.00
127.036   0.00   0.00   0.00   0.00   0.00   0.00   0.00   0.03   0.39   0.00
128.028   0.00   0.00   0.00   0.00   0.00   0.00   0.00   0.03   0.41   0.00
129.028   0.00   0.00   0.00   0.00   0.00   0.00   0.00   0.02   0.43   0.00
130.036   0.00   0.00   0.00   0.00   0.00   0.00   0.00   0.02   0.45   0.00
131.052   0.00   0.00   0.00   0.00   0.00   0.00   0.00   0.02   0.47   0.00
132.076   0.00   0.00   0.00   0.00   0.00   0.00   0.00   0.01   0.49   0.00
133.107   0.00   0.00   0.00   0.00   0.00   0.00   0.00   0.01   0.51   0.00
134.147   0.00   0.00   0.00   0.00   0.00   0.00   0.00   0.01   0.53   0.00
135.195   0.00   0.00   0.00   0.00   0.00   0.00   0.00   0.00   0.55   0.00
136.251   0.00   0.00   0.00   0.00   0.00   0.00   0.00   0.00   0.58   0.00
137.315   0.00   0.00   0.00   0.00   0.00   0.00   0.00   0.00   0.60   0.00
138.388   0.00   0.00   0.00   0.00   0.00   0.00   0.00   0.00   0.63   0.00
139.469   0.00   0.00   0.00   0.00   0.00   0.00   0.00   0.00   0.67   0.00
140.558   0.00   0.00   0.00   0.00   0.00   0.00   0.00   0.00   0.70   0.00
141.656   0.00   0.00   0.00   0.00   0.00   0.00   0.00   0.00   0.73   0.00
142.763   0.00   0.00   0.00   0.00   0.00   0.00   0.00   0.00   0.77   0.00
143.878   0.00   0.00   0.00   0.00   0.00   0.00   0.00   0.00   0.80   0.00
145.002   0.00   0.00   0.00   0.00   0.00   0.00   0.00   0.00   0.84   0.00
146.134   0.00   0.00   0.00   0.00   0.00   0.00   0.00   0.00   0.87   0.00
147.276   0.00   0.00   0.00   0.00   0.00   0.00   0.00   0.00   0.91   0.00
148.426   0.00   0.00   0.00   0.00   0.00   0.00   0.00   0.00   0.95   0.00
149.586   0.00   0.00   0.00   0.00   0.00   0.00   0.00   0.00   0.97   0.00
150.754   0.00   0.00   0.00   0.00   0.00   0.00   0.00   0.00   0.98   0.00
151.932   0.00   0.00   0.00   0.00   0.00   0.00   0.00   0.00   0.99   0.00
153.118   0.00   0.00   0.00   0.00   0.00   0.00   0.00   0.00   1.00   0.00
154.314   0.00   0.00   0.00   0.00   0.00   0.00   0.00   0.00   1.00   0.00
155.520   0.00   0.00   0.00   0.00   0.00   0.00   0.00   0.00   0.97   0.00
156.735   0.00   0.00   0.00   0.00   0.00   0.00   0.00   0.00   0.94   0.00
157.959   0.00   0.00   0.00   0.00   0.00   0.00   0.00   0.00   0.92   0.00
159.193   0.00   0.00   0.00   0.00   0.00   0.00   0.00   0.00   0.88   0.00
160.436   0.00   0.00   0.00   0.00   0.00   0.00   0.00   0.00   0.84   0.00
161.690   0.00   0.00   0.00   0.00   0.00   0.00   0.00   0.00   0.79   0.00
162.953   0.00   0.00   0.00   0.00   0.00   0.00   0.00   0.00   0.74   0.01
164.225   0.00   0.00   0.00   0.00   0.00   0.00   0.00   0.00   0.68   0.01
165.508   0.00   0.00   0.00   0.00   0.00   0.00   0.00   0.00   0.62   0.02
166.801   0.00   0.00   0.00   0.00   0.00   0.00   0.00   0.00   0.55   0.03
168.104   0.00   0.00   0.00   0.00   0.00   0.00   0.00   0.00   0.48   0.03
169.417   0.00   0.00   0.00   0.00   0.00   0.00   0.00   0.00   0.41   0.04
170.741   0.00   0.00   0.00   0.00   0.00   0.00   0.00   0.00   0.37   0.06
172.074   0.00   0.00   0.00   0.00   0.00   0.00   0.00   0.00   0.32   0.07
173.418   0.00   0.00   0.00   0.00   0.00   0.00   0.00   0.00   0.28   0.08
174.773   0.00   0.00   0.00   0.00   0.00   0.00   0.00   0.00   0.24   0.10
176.138   0.00   0.00   0.00   0.00   0.00   0.00   0.00   0.00   0.20   0.11
177.514   0.00   0.00   0.00   0.00   0.00   0.00   0.00   0.00   0.18   0.14
178.901   0.00   0.00   0.00   0.00   0.00   0.00   0.00   0.00   0.15   0.16
180.298   0.00   0.00   0.00   0.00   0.00   0.00   0.00   0.00   0.13   0.18
181.706   0.00   0.00   0.00   0.00   0.00   0.00   0.00   0.00   0.10   0.20
183.126   0.00   0.00   0.00   0.00   0.00   0.00   0.00   0.00   0.10   0.23
184.556   0.00   0.00   0.00   0.00   0.00   0.00   0.00   0.00   0.09   0.26
185.998   0.00   0.00   0.00   0.00   0.00   0.00   0.00   0.00   0.09   0.29
187.451   0.00   0.00   0.00   0.00   0.00   0.00   0.00   0.00   0.08   0.32
188.915   0.00   0.00   0.00   0.00   0.00   0.00   0.00   0.00   0.08   0.34
190.391   0.00   0.00   0.00   0.00   0.00   0.00   0.00   0.00   0.08   0.37
191.878   0.00   0.00   0.00   0.00   0.00   0.00   0.00   0.00   0.07   0.41
193.377   0.00   0.00   0.00   0.00   0.00   0.00   0.00   0.00   0.07   0.44
194.887   0.00   0.00   0.00   0.00   0.00   0.00   0.00   0.00   0.07   0.47
196.410   0.00   0.00   0.00   0.00   0.00   0.00   0.00   0.00   0.07   0.50
197.944   0.00   0.00   0.00   0.00   0.00   0.00   0.00   0.00   0.06   0.52
199.490   0.00   0.00   0.00   0.00   0.00   0.00   0.00   0.00   0.06   0.55
201.048   0.00   0.00   0.00   0.00   0.00   0.00   0.00   0.00   0.05   0.58
202.619   0.00   0.00   0.00   0.00   0.00   0.00   0.00   0.00   0.05   0.60
204.201   0.00   0.00   0.00   0.00   0.00   0.00   0.00   0.00   0.05   0.63
205.797   0.00   0.00   0.00   0.00   0.00   0.00   0.00   0.00   0.04   0.64
207.404   0.00   0.00   0.00   0.00   0.00   0.00   0.00   0.00   0.04   0.66
209.024   0.00   0.00   0.00   0.00   0.00   0.00   0.00   0.00   0.04   0.67
210.657   0.00   0.00   0.00   0.00   0.00   0.00   0.00   0.00   0.03   0.69
212.302   0.00   0.00   0.00   0.00   0.00   0.00   0.00   0.00   0.03   0.70
213.961   0.00   0.00   0.00   0.00   0.00   0.00   0.00   0.00   0.03   0.71
215.632   0.00   0.00   0.00   0.00   0.00   0.00   0.00   0.00   0.03   0.72
217.316   0.00   0.00   0.00   0.00   0.00   0.00   0.00   0.00   0.03   0.73
219.014   0.00   0.00   0.00   0.00   0.00   0.00   0.00   0.00   0.02   0.73
220.725   0.00   0.00   0.00   0.00   0.00   0.00   0.00   0.00   0.02   0.74
222.449   0.00   0.00   0.00   0.00   0.00   0.00   0.00   0.00   0.02   0.75
224.187   0.00   0.00   0.00   0.00   0.00   0.00   0.00   0.00   0.02   0.76
225.938   0.00   0.00   0.00   0.00   0.00   0.00   0.00   0.00   0.02   0.78
227.703   0.00   0.00   0.00   0.00   0.00   0.00   0.00   0.00   0.02   0.79
229.481   0.00   0.00   0.00   0.00   0.00   0.00   0.00   0.00   0.02   0.80
231.274   0.00   0.00   0.00   0.00   0.00   0.00   0.00   0.00   0.02   0.81
233.080   0.00   0.00   0.00   0.00   0.00   0.00   0.00   0.00   0.02   0.83
234.901   0.00   0.00   0.00   0.00   0.00   0.00   0.00   0.00   0.02   0.85
236.736   0.00   0.00   0.00   0.00   0.00   0.00   0.00   0.00   0.02   0.86
238.585   0.00   0.00   0.00   0.00   0.00   0.00   0.00   0.00   0.02   0.88
240.449   0.00   0.00   0.00   0.00   0.00   0.00   0.00   0.00   0.02   0.90
242.327   0.00   0.00   0.00   0.00   0.00   0.00   0.00   0.00   0.02   0.92
244.220   0.00   0.00   0.00   0.00   0.00   0.00   0.00   0.00   0.02   0.94
246.128   0.00   0.00   0.00   0.00   0.00   0.00   0.00   0.00   0.02   0.95
248.050   0.00   0.00   0.00   0.00   0.00   0.00   0.00   0.00   0.02   0.96
249.988   0.00   0.00   0.00   0.00   0.00   0.00   0.00   0.00   0.02   0.97
251.940   0.00   0.00   0.00   0.00   0.00   0.00   0.00   0.00   0.02   0.98
253.908   0.00   0.00   0.00   0.00   0.00   0.00   0.00   0.00   0.01   0.99
255.892   0.00   0.00   0.00   0.00   0.00   0.00   0.00   0.00   0.01   1.00
257.891   0.00   0.00   0.00   0.00   0.00   0.00   0.00   0.00   0.01   1.00
259.905   0.00   0.00   0.00   0.00   0.00   0.00   0.00   0.00   0.01   0.97
261.935   0.00   0.00   0.00   0.00   0.00   0.00   0.00   0.00   0.01   0.95
263.981   0.00   0.00   0.00   0.00   0.00   0.00   0.00   0.00   0.01   0.92
266.043   0.00   0.00   0.00   0.00   0.00   0.00   0.00   0.00   0.00   0.90
268.121   0.00   0.00   0.00   0.00   0.00   0.00   0.00   0.00   0.00   0.87
270.216   0.00   0.00   0.00   0.00   0.00   0.00   0.00   0.00   0.00   0.85
272.327   0.00   0.00   0.00   0.00   0.00   0.00   0.00   0.00   0.00   0.82
274.454   0.00   0.00   0.00   0.00   0.00   0.00   0.00   0.00   0.00   0.80
276.598   0.00   0.00   0.00   0.00   0.00   0.00   0.00   0.00   0.00   0.77
278.758   0.00   0.00   0.00   0.00   0.00   0.00   0.00   0.00   0.00   0.75
280.936   0.00   0.00   0.00   0.00   0.00   0.00   0.00   0.00   0.00   0.73
283.130   0.00   0.00   0.00   0.00   0.00   0.00   0.00   0.00   0.00   0.70
285.342   0.00   0.00   0.00   0.00   0.00   0.00   0.00   0.00   0.00   0.68
287.571   0.00   0.00   0.00   0.00   0.00   0.00   0.00   0.00   0.00   0.65
289.817   0.00   0.00   0.00   0.00   0.00   0.00   0.00   0.00   0.00   0.61
292.081   0.00   0.00   0.00   0.00   0.00   0.00   0.00   0.00   0.00   0.58
294.362   0.00   0.00   0.00   0.00   0.00   0.00   0.00   0.00   0.00   0.54
296.662   0.00   0.00   0.00   0.00   0.00   0.00   0.00   0.00   0.00   0.51
298.979   0.00   0.00   0.00   0.00   0.00   0.00   0.00   0.00   0.00   0.47
301.314   0.00   0.00   0.00   0.00   0.00   0.00   0.00   0.00   0.00   0.44
303.668   0.00   0.00   0.00   0.00   0.00   0.00   0.00   0.00   0.00   0.40
306.040   0.00   0.00   0.00   0.00   0.00   0.00   0.00   0.00   0.00   0.37
308.431   0.00   0.00   0.00   0.00   0.00   0.00   0.00   0.00   0.00   0.34
310.840   0.00   0.00   0.00   0.00   0.00   0.00   0.00   0.00   0.00   0.31
313.268   0.00   0.00   0.00   0.00   0.00   0.00   0.00   0.00   0.00   0.28
315.715   0.00   0.00   0.00   0.00   0.00   0.00   0.00   0.00   0.00   0.25
318.181   0.00   0.00   0.00   0.00   0.00   0.00   0.00   0.00   0.00   0.22
320.667   0.00   0.00   0.00   0.00   0.00   0.00   0.00   0.00   0.00   0.19
323.171   0.00   0.00   0.00   0.00   0.00   0.00   0.00   0.00   0.00   0.16
325.696   0.00   0.00   0.00   0.00   0.00   0.00   0.00   0.00   0.00   0.15
328.240   0.00   0.00   0.00   0.00   0.00   0.00   0.00   0.00   0.00   0.14
330.804   0.00   0.00   0.00   0.00   0.00   0.00   0.00   0.00   0.00   0.12
333.388   0.00   0.00   0.00   0.00   0.00   0.00   0.00   0.00   0.00   0.11
335.992   0.00   0.00   0.00   0.00   0.00   0.00   0.00   0.00   0.00   0.10
338.617   0.00   0.00   0.00   0.00   0.00   0.00   0.00   0.00   0.00   0.09
341.262   0.00   0.00   0.00   0.00   0.00   0.00   0.00   0.00   0.00   0.08
343.927   0.00   0.00   0.00   0.00   0.00   0.00   0.00   0.00   0.00   0.07
346.614   0.00   0.00   0.00   0.00   0.00   0.00   0.00   0.00   0.00   0.06
349.321   0.00   0.00   0.00   0.00   0.00   0.00   0.00   0.00   0.00   0.06
352.050   0.00   0.00   0.00   0.00   0.00   0.00   0.00   0.00   0.00   0.05
354.800   0.00   0.00   0.00   0.00   0.00   0.00   0.00   0.00   0.00   0.05
357.572   0.00   0.00   0.00   0.00   0.00   0.00   0.00   0.00   0.00   0.04
360.365   0.00   0.00   0.00   0.00   0.00   0.00   0.00   0.00   0.00   0.04
363.180   0.00   0.00   0.00   0.00   0.00   0.00   0.00   0.00   0.00   0.04
366.016   0.00   0.00   0.00   0.00   0.00   0.00   0.00   0.00   0.00   0.03
368.876   0.00   0.00   0.00   0.00   0.00   0.00   0.00   0.00   0.00   0.03
371.757   0.00   0.00   0.00   0.00   0.00   0.00   0.00   0.00   0.00   0.03
374.661   0.00   0.00   0.00   0.00   0.00   0.00   0.00   0.00   0.00   0.02
377.587   0.00   0.00   0.00   0.00   0.00   0.00   0.00   0.00   0.00   0.02
380.537   0.00   0.00   0.00   0.00   0.00   0.00   0.00   0.00   0.00   0.02
383.509   0.00   0.00   0.00   0.00   0.00   0.00   0.00   0.00   0.00   0.03
386.505   0.00   0.00   0.00   0.00   0.00   0.00   0.00   0.00   0.00   0.03
389.524   0.00   0.00   0.00   0.00   0.00   0.00   0.00   0.00   0.00   0.03
392.567   0.00   0.00   0.00   0.00   0.00   0.00   0.00   0.00   0.00   0.03
395.633   0.00   0.00   0.00   0.00   0.00   0.00   0.00   0.00   0.00   0.03
398.724   0.00   0.00   0.00   0.00   0.00   0.00   0.00   0.00   0.00   0.03
401.838   0.00   0.00   0.00   0.00   0.00   0.00   0.00   0.00   0.00   0.03
404.977   0.00   0.00   0.00   0.00   0.00   0.00   0.00   0.00   0.00   0.03
408.141   0.00   0.00   0.00   0.00   0.00   0.00   0.00   0.00   0.00   0.03
411.329   0.00   0.00   0.00   0.00   0.00   0.00   0.00   0.00   0.00   0.02
414.542   0.00   0.00   0.00   0.00   0.00   0.00   0.00   0.00   0.00   0.02
417.780   0.00   0.00   0.00   0.00   0.00   0.00   0.00   0.00   0.00   0.02
421.043   0.00   0.00   0.00   0.00   0.00   0.00   0.00   0.00   0.00   0.02
424.332   0.00   0.00   0.00   0.00   0.00   0.00   0.00   0.00   0.00   0.02
427.647   0.00   0.00   0.00   0.00   0.00   0.00   0.00   0.00   0.00   0.02
430.987   0.00   0.00   0.00   0.00   0.00   0.00   0.00   0.00   0.00   0.02
434.354   0.00   0.00   0.00   0.00   0.00   0.00   0.00   0.00   0.00   0.02
437.747   0.00   0.00   0.00   0.00   0.00   0.00   0.00   0.00   0.00   0.02
441.166   0.00   0.00   0.00   0.00   0.00   0.00   0.00   0.00   0.00   0.01
444.612   0.00   0.00   0.00   0.00   0.00   0.00   0.00   0.00   0.00   0.01
448.085   0.00   0.00   0.00   0.00   0.00   0.00   0.00   0.00   0.00   0.01
451.585   0.00   0.00   0.00   0.00   0.00   0.00   0.00   0.00   0.00   0.01
455.113   0.00   0.00   0.00   0.00   0.00   0.00   0.00   0.00   0.00   0.00
458.668   0.00   0.00   0.00   0.00   0.00   0.00   0.00   0.00   0.00   0.00
462.250   0.00   0.00   0.00   0.00   0.00   0.00   0.00   0.00   0.00   0.00
465.861   0.00   0.00   0.00   0.00   0.00   0.00   0.00   0.00   0.00   0.00
469.500   0.00   0.00   0.00   0.00   0.00   0.00   0.00   0.00   0.00   0.00
473.168   0.00   0.00   0.00   0.00   0.00   0.00   0.00   0.00   0.00   0.00
476.864   0.00   0.00   0.00   0.00   0.00   0.00   0.00   0.00   0.00   0.00
480.589   0.00   0.00   0.00   0.00   0.00   0.00   0.00   0.00   0.00   0.00
484.343   0.00   0.00   0.00   0.00   0.00   0.00   0.00   0.00   0.00   0.00
488.126   0.00   0.00   0.00   0.00   0.00   0.00   0.00   0.00   0.00   0.00
491.939   0.00   0.00   0.00   0.00   0.00   0.00   0.00   0.00   0.00   0.00
495.781   0.00   0.00   0.00   0.00   0.00   0.00   0.00   0.00   0.00   0.00
499.654   0.00   0.00   0.00   0.00   0.00   0.00   0.00   0.00   0.00   0.00
