T		 band 1		 band 2		 band 3		 band 4		 band 5		 band 6		 band 7		 band 8		 band 9		 band 10
50.00      15168691726493.80273 11460.45129 2360.58871 4.94076    27.80329   0.35601    0.87772    1.01024    0.94004    1.01167   
54.77      583313147959.67871 3615.78510 940.04710  3.84891    16.93559   0.37972    0.90324    1.02379    0.94023    1.01556   
59.55      39046213907.33972 1419.63270 440.13613  3.14863    11.28494   0.40502    0.92849    1.03591    0.94065    1.01887   
64.32      4018705401.73084 656.69740  233.21159  2.67329    8.05826    0.43151    0.95292    1.04673    0.94118    1.02170   
69.10      580986606.50667 344.40529  136.10567  2.33594    6.07542    0.45887    0.97623    1.05640    0.94176    1.02416   
73.87      110290295.84472 199.21291  85.78080   2.08784    4.78350    0.48685    0.99828    1.06506    0.94234    1.02630   
78.64      26117718.75194 124.55266  57.52983   1.90001    3.90086    0.51522    1.01902    1.07284    0.94291    1.02818   
83.42      7415853.47696 82.91785   40.59886   1.75436    3.27393    0.54379    1.03846    1.07984    0.94346    1.02985   
88.19      2447659.33190 58.10919   29.88674   1.63914    2.81401    0.57241    1.05664    1.08616    0.94399    1.03134   
92.96      916308.08317 42.49272   22.79391   1.54643    2.46737    0.60095    1.07363    1.09190    0.94448    1.03267   
97.74      381504.45111 32.19990   17.91297   1.47075    2.20007    0.62928    1.08951    1.09711    0.94494    1.03387   
102.51     173872.70290 25.14648   14.44158   1.40819    1.98992    0.65732    1.10433    1.10187    0.94537    1.03496   
107.29     85628.43440 20.14932   11.90150   1.35591    1.82194    0.68498    1.11819    1.10623    0.94578    1.03596   
112.06     45085.98075 16.50589   9.99643    1.31181    1.68573    0.71220    1.13115    1.11023    0.94616    1.03686   
116.83     25158.05132 13.78242   8.53646    1.27429    1.57392    0.73892    1.14329    1.11392    0.94652    1.03770   
121.61     14768.37841 11.70175   7.39615    1.24213    1.48116    0.76511    1.15466    1.11732    0.94685    1.03846   
126.38     9064.15281 10.08138   6.49044    1.21438    1.40348    0.79073    1.16532    1.12048    0.94717    1.03917   
131.16     5786.18180 8.79788    5.76026    1.19029    1.33792    0.81577    1.17534    1.12340    0.94746    1.03982   
135.93     3824.69804 7.76575    5.16371    1.16927    1.28219    0.84019    1.18476    1.12612    0.94774    1.04043   
140.70     2607.89563 6.92449    4.67046    1.15085    1.23453    0.86399    1.19363    1.12866    0.94800    1.04100   
145.48     1828.30717 6.23045    4.25824    1.13461    1.19356    0.88717    1.20198    1.13103    0.94825    1.04152   
150.25     1314.14635 5.65157    3.91037    1.12026    1.15818    0.90973    1.20987    1.13325    0.94848    1.04202   
155.03     966.06057  5.16396    3.61420    1.10752    1.12750    0.93165    1.21732    1.13533    0.94870    1.04248   
159.80     724.76455  4.74953    3.36003    1.09618    1.10083    0.95296    1.22437    1.13729    0.94890    1.04292   
164.57     553.86281  4.39441    3.14030    1.08605    1.07756    0.97366    1.23105    1.13914    0.94910    1.04333   
169.35     430.42609  4.08784    2.94908    1.07698    1.05723    0.99375    1.23738    1.14087    0.94929    1.04371   
174.12     339.66297  3.82135    2.78164    1.06883    1.03942    1.01325    1.24338    1.14251    0.94946    1.04408   
178.89     271.82230  3.58826    2.63419    1.06150    1.02381    1.03217    1.24909    1.14407    0.94963    1.04442   
183.67     220.34607  3.38319    2.50367    1.05488    1.01011    1.05053    1.25452    1.14554    0.94979    1.04475   
188.44     180.74188  3.20180    2.38759    1.04891    0.99808    1.06833    1.25969    1.14693    0.94994    1.04506   
193.22     149.87951  3.04057    2.28388    1.04349    0.98753    1.08560    1.26462    1.14826    0.95009    1.04535   
197.99     125.54326  2.89660    2.19085    1.03858    0.97827    1.10235    1.26932    1.14951    0.95023    1.04563   
202.76     106.14161  2.76749    2.10706    1.03412    0.97015    1.11859    1.27380    1.15071    0.95036    1.04590   
207.54     90.51575   2.65124    2.03134    1.03007    0.96305    1.13435    1.27809    1.15186    0.95049    1.04615   
212.31     77.81112   2.54619    1.96268    1.02637    0.95686    1.14963    1.28219    1.15295    0.95061    1.04639   
217.09     67.39004   2.45092    1.90023    1.02300    0.95146    1.16445    1.28612    1.15399    0.95073    1.04662   
221.86     58.77135   2.36425    1.84325    1.01993    0.94679    1.17882    1.28988    1.15498    0.95084    1.04684   
226.63     51.58818   2.28516    1.79113    1.01712    0.94276    1.19277    1.29349    1.15593    0.95095    1.04706   
231.41     45.55809   2.21278    1.74333    1.01455    0.93930    1.20630    1.29695    1.15684    0.95105    1.04726   
236.18     40.46163   2.14636    1.69938    1.01219    0.93635    1.21943    1.30027    1.15772    0.95115    1.04745   
240.95     36.12677   2.08525    1.65888    1.01004    0.93388    1.23217    1.30347    1.15856    0.95124    1.04764   
245.73     32.41762   2.02890    1.62149    1.00807    0.93181    1.24454    1.30654    1.15936    0.95133    1.04782   
250.50     29.22595   1.97682    1.58688    1.00626    0.93013    1.25655    1.30950    1.16014    0.95142    1.04799   
255.28     26.46496   1.92857    1.55480    1.00460    0.92878    1.26822    1.31234    1.16088    0.95151    1.04816   
260.05     24.06454   1.88380    1.52501    1.00308    0.92774    1.27955    1.31509    1.16160    0.95159    1.04832   
264.82     21.96771   1.84216    1.49728    1.00168    0.92697    1.29055    1.31773    1.16229    0.95167    1.04847   
269.60     20.12787   1.80337    1.47145    1.00040    0.92645    1.30125    1.32028    1.16295    0.95174    1.04862   
274.37     18.50665   1.76717    1.44733    0.99923    0.92616    1.31164    1.32275    1.16359    0.95182    1.04876   
279.15     17.07234   1.73333    1.42479    0.99815    0.92607    1.32175    1.32513    1.16421    0.95189    1.04890   
283.92     15.79853   1.70164    1.40369    0.99716    0.92617    1.33158    1.32742    1.16481    0.95196    1.04904   
288.69     14.66317   1.67194    1.38391    0.99626    0.92643    1.34113    1.32965    1.16538    0.95202    1.04916   
293.47     13.64772   1.64404    1.36535    0.99543    0.92684    1.35043    1.33180    1.16594    0.95209    1.04929   
298.24     12.73654   1.61781    1.34790    0.99467    0.92739    1.35948    1.33388    1.16648    0.95215    1.04941   
303.02     11.91638   1.59311    1.33149    0.99398    0.92806    1.36828    1.33589    1.16700    0.95221    1.04953   
307.79     11.17594   1.56982    1.31604    0.99334    0.92884    1.37685    1.33785    1.16751    0.95227    1.04964   
312.56     10.50557   1.54785    1.30146    0.99276    0.92971    1.38520    1.33974    1.16800    0.95233    1.04975   
317.34     9.89702    1.52708    1.28771    0.99224    0.93068    1.39333    1.34157    1.16847    0.95238    1.04986   
322.11     9.34314    1.50743    1.27472    0.99176    0.93173    1.40125    1.34335    1.16893    0.95244    1.04996   
326.88     8.83779    1.48883    1.26243    0.99132    0.93285    1.40896    1.34508    1.16938    0.95249    1.05006   
331.66     8.37561    1.47119    1.25080    0.99093    0.93404    1.41648    1.34676    1.16981    0.95254    1.05016   
336.43     7.95197    1.45446    1.23978    0.99057    0.93528    1.42382    1.34839    1.17023    0.95259    1.05025   
341.21     7.56281    1.43856    1.22934    0.99025    0.93657    1.43096    1.34997    1.17064    0.95264    1.05034   
345.98     7.20459    1.42345    1.21943    0.98996    0.93791    1.43794    1.35151    1.17103    0.95268    1.05043   
350.75     6.87419    1.40907    1.21001    0.98970    0.93929    1.44474    1.35301    1.17142    0.95273    1.05052   
355.53     6.56886    1.39538    1.20107    0.98947    0.94071    1.45138    1.35447    1.17179    0.95277    1.05060   
360.30     6.28619    1.38233    1.19257    0.98927    0.94215    1.45785    1.35588    1.17216    0.95282    1.05068   
365.08     6.02404    1.36988    1.18447    0.98909    0.94363    1.46418    1.35726    1.17251    0.95286    1.05076   
369.85     5.78049    1.35800    1.17677    0.98894    0.94513    1.47035    1.35860    1.17286    0.95290    1.05084   
374.62     5.55388    1.34665    1.16942    0.98880    0.94664    1.47638    1.35991    1.17320    0.95294    1.05092   
379.40     5.34268    1.33580    1.16242    0.98869    0.94818    1.48227    1.36119    1.17352    0.95298    1.05099   
384.17     5.14556    1.32542    1.15574    0.98859    0.94973    1.48802    1.36243    1.17384    0.95301    1.05106   
388.94     4.96131    1.31548    1.14937    0.98852    0.95129    1.49365    1.36364    1.17415    0.95305    1.05113   
393.72     4.78885    1.30597    1.14328    0.98846    0.95286    1.49914    1.36483    1.17446    0.95309    1.05120   
398.49     4.62720    1.29684    1.13746    0.98841    0.95444    1.50452    1.36598    1.17475    0.95312    1.05127   
403.27     4.47549    1.28810    1.13190    0.98838    0.95602    1.50977    1.36711    1.17504    0.95316    1.05133   
408.04     4.33294    1.27970    1.12657    0.98836    0.95761    1.51491    1.36820    1.17532    0.95319    1.05140   
412.81     4.19882    1.27164    1.12148    0.98835    0.95920    1.51994    1.36928    1.17560    0.95322    1.05146   
417.59     4.07249    1.26390    1.11660    0.98835    0.96078    1.52486    1.37033    1.17587    0.95325    1.05152   
422.36     3.95337    1.25646    1.11193    0.98837    0.96237    1.52967    1.37135    1.17613    0.95329    1.05158   
427.14     3.84092    1.24930    1.10746    0.98840    0.96396    1.53438    1.37235    1.17639    0.95332    1.05164   
431.91     3.73465    1.24241    1.10316    0.98843    0.96554    1.53900    1.37333    1.17664    0.95335    1.05169   
436.68     3.63413    1.23578    1.09905    0.98847    0.96711    1.54351    1.37428    1.17689    0.95338    1.05175   
441.46     3.53894    1.22939    1.09510    0.98852    0.96868    1.54794    1.37522    1.17713    0.95340    1.05180   
446.23     3.44872    1.22324    1.09131    0.98858    0.97025    1.55227    1.37613    1.17736    0.95343    1.05186   
451.01     3.36313    1.21731    1.08767    0.98865    0.97180    1.55651    1.37703    1.17759    0.95346    1.05191   
455.78     3.28187    1.21159    1.08417    0.98872    0.97335    1.56067    1.37791    1.17781    0.95349    1.05196   
460.55     3.20463    1.20607    1.08081    0.98880    0.97489    1.56475    1.37876    1.17803    0.95351    1.05201   
465.33     3.13118    1.20074    1.07758    0.98888    0.97643    1.56874    1.37960    1.17825    0.95354    1.05206   
470.10     3.06125    1.19559    1.07447    0.98897    0.97795    1.57266    1.38043    1.17846    0.95356    1.05211   
474.87     2.99463    1.19062    1.07148    0.98907    0.97946    1.57650    1.38123    1.17867    0.95359    1.05215   
479.65     2.93111    1.18582    1.06861    0.98917    0.98096    1.58027    1.38202    1.17887    0.95361    1.05220   
484.42     2.87051    1.18118    1.06584    0.98927    0.98245    1.58396    1.38279    1.17907    0.95364    1.05224   
489.20     2.81264    1.17668    1.06318    0.98938    0.98393    1.58759    1.38355    1.17926    0.95366    1.05229   
493.97     2.75736    1.17234    1.06062    0.98949    0.98539    1.59114    1.38429    1.17945    0.95368    1.05233   
498.74     2.70449    1.16813    1.05814    0.98960    0.98685    1.59463    1.38502    1.17964    0.95371    1.05237   
503.52     2.65391    1.16406    1.05576    0.98972    0.98829    1.59806    1.38574    1.17982    0.95373    1.05242   
508.29     2.60549    1.16011    1.05347    0.98984    0.98972    1.60142    1.38644    1.18000    0.95375    1.05246   
513.07     2.55910    1.15629    1.05126    0.98996    0.99114    1.60472    1.38713    1.18018    0.95377    1.05250   
517.84     2.51463    1.15259    1.04913    0.99009    0.99255    1.60796    1.38780    1.18035    0.95379    1.05254   
522.61     2.47198    1.14900    1.04707    0.99021    0.99394    1.61114    1.38846    1.18052    0.95381    1.05257   
527.39     2.43105    1.14552    1.04508    0.99034    0.99532    1.61427    1.38911    1.18069    0.95383    1.05261   
532.16     2.39174    1.14214    1.04317    0.99047    0.99669    1.61734    1.38975    1.18085    0.95385    1.05265   
536.93     2.35398    1.13886    1.04132    0.99061    0.99804    1.62036    1.39038    1.18101    0.95387    1.05269   
541.71     2.31768    1.13568    1.03954    0.99074    0.99939    1.62332    1.39099    1.18117    0.95389    1.05272   
546.48     2.28276    1.13259    1.03782    0.99088    1.00072    1.62624    1.39160    1.18132    0.95391    1.05276   
551.26     2.24917    1.12959    1.03615    0.99101    1.00203    1.62910    1.39219    1.18147    0.95393    1.05279   
556.03     2.21682    1.12668    1.03455    0.99115    1.00333    1.63192    1.39277    1.18162    0.95395    1.05282   
560.80     2.18566    1.12385    1.03300    0.99129    1.00462    1.63468    1.39334    1.18177    0.95396    1.05286   
565.58     2.15564    1.12109    1.03150    0.99143    1.00590    1.63740    1.39391    1.18191    0.95398    1.05289   
570.35     2.12669    1.11842    1.03005    0.99157    1.00717    1.64008    1.39446    1.18206    0.95400    1.05292   
575.13     2.09877    1.11582    1.02865    0.99171    1.00842    1.64271    1.39500    1.18220    0.95401    1.05295   
579.90     2.07183    1.11329    1.02730    0.99186    1.00966    1.64530    1.39554    1.18233    0.95403    1.05299   
584.67     2.04582    1.11082    1.02599    0.99200    1.01088    1.64785    1.39607    1.18247    0.95405    1.05302   
589.45     2.02071    1.10843    1.02472    0.99214    1.01209    1.65035    1.39658    1.18260    0.95406    1.05305   
594.22     1.99644    1.10610    1.02350    0.99228    1.01330    1.65282    1.39709    1.18273    0.95408    1.05308   
598.99     1.97298    1.10383    1.02232    0.99243    1.01448    1.65524    1.39759    1.18286    0.95410    1.05311   
603.77     1.95030    1.10161    1.02117    0.99257    1.01566    1.65763    1.39808    1.18298    0.95411    1.05313   
608.54     1.92836    1.09946    1.02006    0.99271    1.01682    1.65998    1.39857    1.18311    0.95413    1.05316   
613.32     1.90713    1.09736    1.01899    0.99286    1.01797    1.66230    1.39905    1.18323    0.95414    1.05319   
618.09     1.88658    1.09532    1.01795    0.99300    1.01911    1.66457    1.39952    1.18335    0.95416    1.05322   
622.86     1.86668    1.09332    1.01695    0.99314    1.02024    1.66682    1.39998    1.18347    0.95417    1.05325   
627.64     1.84740    1.09138    1.01598    0.99329    1.02136    1.66903    1.40043    1.18359    0.95418    1.05327   
632.41     1.82873    1.08949    1.01504    0.99343    1.02246    1.67120    1.40088    1.18370    0.95420    1.05330   
637.19     1.81062    1.08764    1.01413    0.99357    1.02355    1.67334    1.40132    1.18381    0.95421    1.05332   
641.96     1.79306    1.08584    1.01325    0.99372    1.02463    1.67545    1.40176    1.18393    0.95423    1.05335   
646.73     1.77603    1.08408    1.01239    0.99386    1.02570    1.67753    1.40218    1.18403    0.95424    1.05337   
651.51     1.75951    1.08237    1.01157    0.99400    1.02676    1.67958    1.40260    1.18414    0.95425    1.05340   
656.28     1.74348    1.08069    1.01077    0.99414    1.02780    1.68160    1.40302    1.18425    0.95426    1.05342   
661.06     1.72791    1.07906    1.00999    0.99428    1.02884    1.68359    1.40343    1.18435    0.95428    1.05345   
665.83     1.71279    1.07746    1.00924    0.99442    1.02986    1.68555    1.40383    1.18446    0.95429    1.05347   
670.60     1.69810    1.07590    1.00852    0.99456    1.03088    1.68749    1.40423    1.18456    0.95430    1.05349   
675.38     1.68383    1.07438    1.00781    0.99470    1.03188    1.68939    1.40462    1.18466    0.95431    1.05352   
680.15     1.66996    1.07290    1.00713    0.99484    1.03287    1.69127    1.40501    1.18476    0.95433    1.05354   
684.92     1.65648    1.07145    1.00647    0.99498    1.03385    1.69312    1.40539    1.18486    0.95434    1.05356   
689.70     1.64337    1.07003    1.00583    0.99512    1.03482    1.69495    1.40576    1.18495    0.95435    1.05358   
694.47     1.63061    1.06864    1.00521    0.99526    1.03578    1.69675    1.40613    1.18505    0.95436    1.05361   
699.25     1.61820    1.06728    1.00461    0.99539    1.03673    1.69852    1.40650    1.18514    0.95437    1.05363   
704.02     1.60613    1.06596    1.00402    0.99553    1.03767    1.70028    1.40686    1.18523    0.95438    1.05365   
708.79     1.59437    1.06466    1.00346    0.99567    1.03860    1.70200    1.40721    1.18532    0.95440    1.05367   
713.57     1.58292    1.06340    1.00291    0.99580    1.03953    1.70371    1.40756    1.18541    0.95441    1.05369   
718.34     1.57178    1.06216    1.00238    0.99593    1.04044    1.70539    1.40790    1.18550    0.95442    1.05371   
723.12     1.56092    1.06095    1.00187    0.99607    1.04134    1.70705    1.40825    1.18559    0.95443    1.05373   
727.89     1.55034    1.05976    1.00137    0.99620    1.04223    1.70869    1.40858    1.18567    0.95444    1.05375   
732.66     1.54002    1.05860    1.00089    0.99633    1.04311    1.71030    1.40891    1.18576    0.95445    1.05377   
737.44     1.52997    1.05747    1.00042    0.99646    1.04399    1.71189    1.40924    1.18584    0.95446    1.05379   
742.21     1.52017    1.05636    0.99997    0.99659    1.04485    1.71347    1.40956    1.18593    0.95447    1.05381   
746.98     1.51062    1.05527    0.99953    0.99672    1.04571    1.71502    1.40988    1.18601    0.95448    1.05383   
751.76     1.50129    1.05420    0.99910    0.99685    1.04655    1.71655    1.41020    1.18609    0.95449    1.05384   
756.53     1.49220    1.05316    0.99869    0.99698    1.04739    1.71807    1.41051    1.18617    0.95450    1.05386   
761.31     1.48333    1.05214    0.99829    0.99711    1.04822    1.71956    1.41081    1.18625    0.95451    1.05388   
766.08     1.47467    1.05114    0.99791    0.99723    1.04904    1.72104    1.41111    1.18632    0.95452    1.05390   
770.85     1.46621    1.05016    0.99753    0.99736    1.04986    1.72249    1.41141    1.18640    0.95453    1.05392   
775.63     1.45796    1.04920    0.99717    0.99748    1.05066    1.72393    1.41171    1.18648    0.95454    1.05393   
780.40     1.44990    1.04826    0.99681    0.99761    1.05146    1.72535    1.41200    1.18655    0.95455    1.05395   
785.18     1.44202    1.04734    0.99647    0.99773    1.05224    1.72676    1.41229    1.18662    0.95456    1.05397   
789.95     1.43433    1.04644    0.99614    0.99785    1.05302    1.72814    1.41257    1.18670    0.95456    1.05398   
794.72     1.42682    1.04555    0.99582    0.99797    1.05380    1.72951    1.41285    1.18677    0.95457    1.05400   
799.50     1.41948    1.04469    0.99551    0.99809    1.05456    1.73087    1.41313    1.18684    0.95458    1.05402   
804.27     1.41230    1.04384    0.99521    0.99821    1.05532    1.73220    1.41340    1.18691    0.95459    1.05403   
809.05     1.40528    1.04300    0.99492    0.99833    1.05606    1.73352    1.41367    1.18698    0.95460    1.05405   
813.82     1.39843    1.04219    0.99464    0.99845    1.05681    1.73483    1.41394    1.18705    0.95461    1.05406   
818.59     1.39172    1.04139    0.99437    0.99857    1.05754    1.73612    1.41420    1.18712    0.95462    1.05408   
823.37     1.38516    1.04060    0.99410    0.99869    1.05827    1.73739    1.41447    1.18718    0.95462    1.05409   
828.14     1.37874    1.03983    0.99385    0.99880    1.05899    1.73865    1.41472    1.18725    0.95463    1.05411   
832.91     1.37246    1.03907    0.99360    0.99892    1.05970    1.73989    1.41498    1.18732    0.95464    1.05412   
837.69     1.36632    1.03833    0.99336    0.99903    1.06040    1.74112    1.41523    1.18738    0.95465    1.05414   
842.46     1.36031    1.03761    0.99312    0.99914    1.06110    1.74234    1.41548    1.18744    0.95466    1.05415   
847.24     1.35442    1.03689    0.99290    0.99926    1.06179    1.74354    1.41573    1.18751    0.95466    1.05417   
852.01     1.34866    1.03619    0.99268    0.99937    1.06248    1.74473    1.41597    1.18757    0.95467    1.05418   
856.78     1.34302    1.03550    0.99247    0.99948    1.06316    1.74590    1.41621    1.18763    0.95468    1.05420   
861.56     1.33750    1.03483    0.99227    0.99959    1.06383    1.74706    1.41645    1.18769    0.95469    1.05421   
866.33     1.33209    1.03417    0.99207    0.99970    1.06449    1.74821    1.41668    1.18775    0.95469    1.05423   
871.11     1.32680    1.03352    0.99188    0.99981    1.06515    1.74935    1.41692    1.18781    0.95470    1.05424   
875.88     1.32161    1.03288    0.99170    0.99992    1.06581    1.75047    1.41715    1.18787    0.95471    1.05425   
880.65     1.31652    1.03225    0.99152    1.00002    1.06645    1.75158    1.41737    1.18793    0.95472    1.05427   
885.43     1.31154    1.03163    0.99135    1.00013    1.06709    1.75268    1.41760    1.18799    0.95472    1.05428   
890.20     1.30666    1.03103    0.99118    1.00023    1.06773    1.75376    1.41782    1.18804    0.95473    1.05429   
894.97     1.30188    1.03044    0.99102    1.00034    1.06835    1.75484    1.41804    1.18810    0.95474    1.05431   
899.75     1.29719    1.02985    0.99086    1.00044    1.06897    1.75590    1.41826    1.18816    0.95474    1.05432   
904.52     1.29259    1.02928    0.99071    1.00055    1.06959    1.75695    1.41847    1.18821    0.95475    1.05433   
909.30     1.28808    1.02872    0.99057    1.00065    1.07020    1.75799    1.41869    1.18827    0.95476    1.05434   
914.07     1.28366    1.02816    0.99043    1.00075    1.07081    1.75902    1.41890    1.18832    0.95476    1.05436   
918.84     1.27932    1.02762    0.99029    1.00085    1.07140    1.76004    1.41911    1.18837    0.95477    1.05437   
923.62     1.27507    1.02709    0.99016    1.00095    1.07200    1.76105    1.41931    1.18843    0.95478    1.05438   
928.39     1.27090    1.02656    0.99004    1.00105    1.07259    1.76204    1.41952    1.18848    0.95478    1.05439   
933.17     1.26681    1.02605    0.98992    1.00115    1.07317    1.76303    1.41972    1.18853    0.95479    1.05440   
937.94     1.26279    1.02554    0.98980    1.00125    1.07374    1.76400    1.41992    1.18858    0.95480    1.05442   
942.71     1.25885    1.02504    0.98969    1.00134    1.07432    1.76497    1.42012    1.18863    0.95480    1.05443   
947.49     1.25499    1.02455    0.98958    1.00144    1.07488    1.76593    1.42031    1.18868    0.95481    1.05444   
952.26     1.25119    1.02407    0.98947    1.00154    1.07544    1.76687    1.42051    1.18873    0.95481    1.05445   
957.04     1.24747    1.02360    0.98937    1.00163    1.07600    1.76781    1.42070    1.18878    0.95482    1.05446   
961.81     1.24381    1.02313    0.98928    1.00173    1.07655    1.76874    1.42089    1.18883    0.95483    1.05447   
966.58     1.24022    1.02267    0.98918    1.00182    1.07710    1.76965    1.42108    1.18888    0.95483    1.05448   
971.36     1.23669    1.02222    0.98910    1.00191    1.07764    1.77056    1.42127    1.18893    0.95484    1.05450   
976.13     1.23323    1.02178    0.98901    1.00200    1.07818    1.77146    1.42145    1.18898    0.95484    1.05451   
980.90     1.22983    1.02135    0.98893    1.00210    1.07871    1.77235    1.42163    1.18902    0.95485    1.05452   
985.68     1.22649    1.02092    0.98885    1.00219    1.07923    1.77323    1.42181    1.18907    0.95486    1.05453   
990.45     1.22321    1.02050    0.98877    1.00228    1.07976    1.77411    1.42199    1.18912    0.95486    1.05454   
995.23     1.21999    1.02008    0.98870    1.00237    1.08027    1.77497    1.42217    1.18916    0.95487    1.05455   
1000.00    1.21682    1.01967    0.98863    1.00246    1.08079    1.77583    1.42235    1.18921    0.95487    1.05456   
